0.5960959792137146
2.3994879722595215
2.1831040382385254
2.0615038871765137
2.14083194732666
2.034463882446289
2.0342719554901123
2.1769280433654785
2.4075839519500732
2.336639881134033
2.268320083618164
3.7453761100769043
2.730623960494995
3.9840641021728516
3.9387199878692627
3.433471918106079
4.33139181137085
2.8929600715637207
3.8125760555267334
2.18393611907959
2.466495990753174
2.1360960006713867
2.3101439476013184
2.519007921218872
2.3434879779815674
2.344223976135254
2.078495979309082
2.514336109161377
2.312448024749756
2.1404480934143066
1.999616026878357
2.1347200870513916
2.0799360275268555
2.072096109390259
2.2571520805358887
2.146912097930908
2.2117440700531006
2.3483200073242188
2.1683199405670166
2.1771841049194336
2.2632639408111572
2.1603200435638428
2.99564790725708
6.178048133850098
5.235712051391602
3.6689600944519043
4.9120001792907715
2.709343910217285
2.386847972869873
4.642560005187988
2.487936019897461
3.327392101287842
2.516832113265991
2.6524159908294678
2.605504035949707
4.147679805755615
2.857696056365967
2.390752077102661
3.002880096435547
2.356127977371216
2.4790079593658447
2.777791976928711
3.058079957962036
2.4465599060058594
2.512864112854004
2.5489919185638428
2.2941439151763916
2.485215902328491
2.466207981109619
2.3361918926239014
2.195904016494751
2.291935920715332
2.452159881591797
2.3176960945129395
2.007904052734375
2.151007890701294
2.13919997215271
2.2418880462646484
2.4106240272521973
3.7117440700531006
2.557663917541504
2.1350080966949463
2.109920024871826
2.161087989807129
2.278719902038574
2.4186880588531494
2.2377920150756836
2.1555840969085693
2.325439929962158
2.443295955657959
2.200416088104248
2.0272960662841797
2.1783039569854736
2.278656005859375
2.1105599403381348
2.0669760704040527
2.2218239307403564
2.9084479808807373
2.6006081104278564
2.0044479370117188

Average: 2.5869731241464615
