8.7871675491333
7.650559902191162
20.66387176513672
15.225119590759277
16.506240844726562
13.085472106933594
9.650400161743164
8.825663566589355
7.62505578994751
7.163519859313965
8.400863647460938
8.459168434143066
10.101792335510254
9.396639823913574
8.100128173828125
7.299168109893799
7.781983852386475
9.177215576171875
8.271039962768555
10.589407920837402
10.521920204162598
11.37235164642334
9.232959747314453
8.741663932800293
12.825984001159668
11.333727836608887
8.28985595703125
8.37507152557373
10.062239646911621
9.696928024291992
8.863615989685059
8.656767845153809
8.081376075744629
12.38368034362793
15.8953275680542
9.348608016967773
9.338399887084961
9.02678394317627
7.690688133239746
8.23305606842041
9.819519996643066
10.259136199951172
12.779040336608887
14.223520278930664
17.7989444732666
16.568639755249023
13.81430435180664
11.495967864990234
12.188192367553711
12.018815994262695
10.512479782104492
8.240639686584473
6.9640960693359375
8.8274564743042
8.270784378051758
8.399040222167969
8.577631950378418
7.251935958862305
7.517632007598877
7.714079856872559
9.52729606628418
10.124192237854004
13.146976470947266
15.853376388549805
9.897120475769043
15.369152069091797
15.95792007446289
11.099007606506348
10.331583976745605
11.595871925354004
17.29827117919922
20.353055953979492
11.553055763244629
8.512191772460938
13.525888442993164
12.35910415649414
11.598400115966797
10.891263961791992
13.834112167358398
15.749695777893066
13.131551742553711
11.07107162475586
8.936960220336914
10.728416442871094
8.183263778686523
16.355871200561523
15.662336349487305
16.73379135131836
11.464863777160645
7.491775989532471
7.7026238441467285
9.156959533691406
8.477279663085938
8.404352188110352
8.892704010009766
13.690752029418945
11.381535530090332
14.108415603637695
11.190400123596191
9.296256065368652

Average: 10.946120610237122
