9.709823608398438
12.679167747497559
11.22374439239502
10.981535911560059
10.055551528930664
12.191488265991211
8.6080961227417
13.732000350952148
12.444255828857422
9.836799621582031
8.751104354858398
12.71065616607666
10.023967742919922
8.103103637695312
10.427935600280762
15.604512214660645
12.387007713317871
9.324992179870605
11.08944034576416
10.556127548217773
9.412320137023926
8.428799629211426
8.64252758026123
13.759231567382812
9.445280075073242
7.737728118896484
7.3024001121521
9.5066556930542
9.048992156982422
8.287327766418457
7.9617600440979
10.152447700500488
9.063232421875
9.255871772766113
12.148544311523438
10.649760246276855
14.964799880981445
11.215167999267578
11.275327682495117
10.326623916625977
9.556991577148438
8.279135704040527
6.78220796585083
7.808032035827637
8.104127883911133
11.169856071472168
9.037568092346191
6.687808036804199
8.074591636657715
7.738399982452393
9.206463813781738
7.921055793762207
7.75548791885376
7.9344000816345215
6.630271911621094
9.014752388000488
10.913727760314941
8.864192008972168
11.685855865478516
8.56230354309082
13.134559631347656
13.341504096984863
11.752960205078125
11.59382438659668
9.426848411560059
7.901535987854004
8.861727714538574
9.823007583618164
6.133887767791748
8.335840225219727
7.984799861907959
9.628000259399414
10.535103797912598
8.541855812072754
12.847295761108398
18.947711944580078
10.092191696166992
9.998111724853516
9.116640090942383
7.902207851409912
9.745856285095215
8.502911567687988
7.502175807952881
13.038016319274902
11.106335639953613
8.374112129211426
8.479583740234375
9.298175811767578
8.533663749694824
10.82688045501709
10.704319953918457
10.54860782623291
8.06828784942627
7.392159938812256
7.003935813903809
8.735615730285645
8.034527778625488
10.142016410827637
8.743264198303223
13.395808219909668

Average: 9.848292098045349
