1.0997120141983032
5.405248165130615
5.06220817565918
5.0188798904418945
3.86844801902771
3.9325759410858154
3.554431915283203
9.491968154907227
7.51094388961792
5.184607982635498
4.948319911956787
6.028223991394043
3.8420801162719727
4.127711772918701
6.503200054168701
7.6229119300842285
7.025728225708008
6.792223930358887
5.504255771636963
5.116543769836426
5.6282877922058105
7.050848007202148
6.78604793548584
7.08838415145874
7.868864059448242
5.6528000831604
5.801792144775391
3.830303907394409
4.7309441566467285
4.757919788360596
5.8585920333862305
8.401823997497559
7.396063804626465
8.587583541870117
8.175647735595703
7.708032131195068
5.8730878829956055
8.860159873962402
8.399776458740234
5.219264030456543
7.24835205078125
4.827807903289795
4.79641580581665
3.469088077545166
6.970880031585693
4.35971212387085
6.118175983428955
8.194944381713867
7.880288124084473
4.350815773010254
4.370528221130371
56.26172637939453
5.913887977600098
4.204031944274902
4.074048042297363
4.036704063415527
4.639359951019287
4.947167873382568
3.3736960887908936
4.195968151092529
4.305088043212891
4.658624172210693
4.245408058166504
3.6357760429382324
3.528575897216797
3.8539841175079346
3.5991039276123047
3.8046720027923584
2003.830078125
3.8532159328460693
3.474208116531372
3.367072105407715
8.368351936340332
6.203392028808594
35.611839294433594
5.5851521492004395
4.513279914855957
4.0668158531188965
4.601791858673096
4.532703876495361
4.138559818267822
5.691808223724365
3.901024103164673
3.817471981048584
4.63647985458374
4.32374382019043
4.102240085601807
3.725248098373413
3.284543991088867
3472.077392578125
8.015935897827148
11.189567565917969
6.592639923095703
4.56492805480957
4.855008125305176
11.37491226196289
11.996288299560547
7.595071792602539
6.318272113800049
4.646912097930908

Average: 61.020372282266614
