0.3468799889087677
0.33324798941612244
0.3317759931087494
0.35417601466178894
0.3284800052642822
0.32684800028800964
0.32678401470184326
0.33164799213409424
0.32969599962234497
0.33084800839424133
0.3294079899787903
0.3307200074195862
0.329120010137558
0.3274880051612854
0.3280639946460724
0.3336000144481659
0.32918399572372437
0.3278079926967621
0.3271999955177307
0.3280639946460724
0.32915198802948
0.3261440098285675
0.33027198910713196
0.32767999172210693
0.32924801111221313
0.32716798782348633
0.34672001004219055
0.32841598987579346
0.32767999172210693
0.32784000039100647
0.3267520070075989
0.3251520097255707
0.32838401198387146
0.32655999064445496
0.328031986951828
0.3250240087509155
0.32707199454307556
0.3314560055732727
0.3240639865398407
0.3270080089569092
0.3269760012626648
0.32838401198387146
0.32678401470184326
0.32764801383018494
0.3274880051612854
0.3283520042896271
0.33161601424217224
0.327455997467041
0.32790398597717285
0.3493120074272156
0.3286080062389374
0.32736000418663025
0.3283520042896271
0.32652801275253296
0.32764801383018494
0.3269439935684204
0.327455997467041
0.32787200808525085
0.32659199833869934
0.3282240033149719
0.3299199938774109
0.3295679986476898
0.3251839876174927
0.32761600613594055
0.3245440125465393
0.32371199131011963
0.32870399951934814
0.3299199938774109
0.32467201352119446
0.3259199857711792
0.3269760012626648
0.3319680094718933
0.32681599259376526
0.3238080143928528
0.32678401470184326
0.3256320059299469
0.3293760120868683
0.3230400085449219
0.32604798674583435
0.32556799054145813
0.32972800731658936
0.3293760120868683
0.3266240060329437
0.33616000413894653
0.3253119885921478
0.32950401306152344
0.32582399249076843
0.3251520097255707
0.3266560137271881
0.3238080143928528
0.32918399572372437
0.3270080089569092
0.32556799054145813
0.32892799377441406
0.3293440043926239
0.32841598987579346
0.32761600613594055
0.3263680040836334
0.32368001341819763
0.32547199726104736

Average: 0.32863872170448305
