0.8989120125770569
0.8658239841461182
0.8591679930686951
0.8600320219993591
0.8566399812698364
0.8619840145111084
0.8578240275382996
0.8605440258979797
0.8581119775772095
0.8615360260009766
0.8598399758338928
0.8584319949150085
0.8606399893760681
0.8579199910163879
0.8582720160484314
0.8569279909133911
0.8568320274353027
0.8568320274353027
0.855135977268219
0.8574079871177673
0.8547520041465759
0.8565120100975037
0.8559359908103943
0.8580160140991211
0.859391987323761
0.855679988861084
0.8569920063018799
0.8524799942970276
0.8568639755249023
0.8575040102005005
0.8589439988136292
0.8575680255889893
0.8934080004692078
0.8584640026092529
0.8571199774742126
0.8554880023002625
0.8560000061988831
0.8597440123558044
0.8568320274353027
0.8572800159454346
0.8566399812698364
0.8843839764595032
0.8575040102005005
0.8544639945030212
0.8538240194320679
0.8594880104064941
0.8592000007629395
0.8583999872207642
0.857312023639679
0.8563519716262817
0.8628799915313721
0.8533440232276917
0.8586879968643188
0.8503999710083008
0.8590080142021179
0.8589439988136292
0.8570240139961243
0.8555200099945068
0.8574720025062561
0.8623999953269958
0.8598080277442932
0.8547520041465759
0.866815984249115
0.8595200181007385
0.8592320084571838
0.8572480082511902
0.8585600256919861
0.8549439907073975
0.8601920008659363
0.8565760254859924
0.8553280234336853
0.8611840009689331
0.8578240275382996
0.8593599796295166
0.8570560216903687
0.8583999872207642
0.8573439717292786
0.8591039776802063
0.8637120127677917
0.8610879778862
0.8561599850654602
0.8593599796295166
0.8544319868087769
0.8579840064048767
0.8554559946060181
0.85452800989151
0.8638399839401245
0.8568639755249023
0.857088029384613
0.8592000007629395
0.8569279909133911
0.8550400137901306
0.8533440232276917
0.8586879968643188
0.8592000007629395
0.8900480270385742
0.8550080060958862
0.85452800989151
0.8537279963493347
0.8520960211753845

Average: 0.8590860819816589
