15.393471717834473
12.480159759521484
10.06668758392334
11.466815948486328
11.356767654418945
11.44489574432373
10.66982364654541
14.576191902160645
8.82755184173584
9.729632377624512
11.491040229797363
10.49612808227539
9.26806354522705
9.442848205566406
9.782624244689941
8.939711570739746
8.482080459594727
18.206880569458008
14.315584182739258
10.576255798339844
12.545215606689453
13.7390718460083
10.432031631469727
11.037599563598633
10.461503982543945
10.67084789276123
10.203264236450195
10.751232147216797
10.244159698486328
9.058239936828613
10.000927925109863
9.932000160217285
9.121631622314453
9.847007751464844
11.404800415039062
9.492704391479492
8.962240219116211
9.763008117675781
9.534751892089844
12.489664077758789
13.004511833190918
10.933024406433105
10.16864013671875
9.12492847442627
20.9498233795166
19.900575637817383
19.38310432434082
17.059904098510742
18.222688674926758
11.945887565612793
15.019264221191406
13.428959846496582
12.86451244354248
12.849984169006348
9.939616203308105
9.988703727722168
9.674976348876953
8.964192390441895
9.496288299560547
10.172127723693848
13.32528018951416
22.53068733215332
14.791839599609375
12.48147201538086
10.586272239685059
10.55942440032959
10.221471786499023
9.448415756225586
12.733152389526367
13.084256172180176
9.973440170288086
10.265376091003418
9.332575798034668
9.99443244934082
9.484160423278809
9.04911994934082
8.976320266723633
8.859423637390137
8.741439819335938
8.961248397827148
8.992799758911133
9.454367637634277
10.160320281982422
9.668383598327637
20.882272720336914
17.293088912963867
18.445600509643555
10.421183586120605
9.784095764160156
9.258208274841309
9.170720100402832
8.888959884643555
9.45036792755127
9.600319862365723
11.240063667297363
14.882368087768555
11.254495620727539
12.05180835723877
15.294528007507324
15.118592262268066

Average: 11.645091857910156
