2.8060801029205322
3.6590399742126465
4.349664211273193
4.417600154876709
4.080832004547119
4.384064197540283
3.2390079498291016
2.765887975692749
2.2919039726257324
3.2859199047088623
2.9430720806121826
3.945631980895996
3.4764480590820312
3.042815923690796
2.646944046020508
2.826143980026245
3.9915521144866943
2.944607973098755
2.874943971633911
3.786720037460327
4.429344177246094
3.516767978668213
2.957472085952759
2.476799964904785
3.0173120498657227
2.7531518936157227
2.7756481170654297
2.778752088546753
2.8305599689483643
3.15395188331604
2.3674559593200684
2.609055995941162
3.0887999534606934
2.8581759929656982
3.5773119926452637
3.3223679065704346
3.4332480430603027
3.2156479358673096
3.3512001037597656
3.5871360301971436
3.806015968322754
3.410111904144287
4.10265588760376
2.9234559535980225
3.1623361110687256
4.110752105712891
5.651519775390625
3.791872024536133
2.9893760681152344
2.861248016357422
2.5240321159362793
4.208640098571777
3.0524799823760986
3.8453760147094727
3.108448028564453
7.92464017868042
5.063360214233398
4.57916784286499
4.262944221496582
2.7915520668029785
2.917056083679199
3.1241281032562256
3.0980799198150635
4.1112961769104
2.3396480083465576
3.5694398880004883
2.974623918533325
4.66867208480835
3.209280014038086
3.7925760746002197
3.696959972381592
3.5690560340881348
2.986815929412842
3.0172479152679443
3.4760959148406982
3.8413119316101074
3.210848093032837
2.8839359283447266
3.6574718952178955
2.999392032623291
3.7262399196624756
3.610368013381958
3.2765119075775146
3.7102720737457275
3.091423988342285
2.8287041187286377
3.4291200637817383
3.374847888946533
3.3006720542907715
3.2408640384674072
7.524799823760986
3.6541759967803955
4.13043212890625
2.906496047973633
3.385983943939209
3.393183946609497
3.381119966506958
2.6495039463043213
4.049215793609619
4.004735946655273

Average: 3.4784163284301757
