1.9513599872589111
12.591615676879883
7.9048638343811035
6.515071868896484
4.373536109924316
4.002528190612793
5.157311916351318
3.869760036468506
3.85532808303833
5.56006383895874
3.540640115737915
18.141727447509766
15.4334077835083
17.883743286132812
19.431007385253906
14.295040130615234
11.95462417602539
7.4792962074279785
6.077184200286865
7.1605119705200195
9.216608047485352
7.396607875823975
8.175104141235352
9.736703872680664
7.232863903045654
6.684800148010254
7.0240960121154785
6.522784233093262
5.035168170928955
6.138688087463379
4.484479904174805
6.618527889251709
5.284480094909668
5.394591808319092
3.6557440757751465
13.901023864746094
18.294368743896484
9.997504234313965
11.26966381072998
9.969535827636719
11.775039672851562
13.775551795959473
11.344351768493652
10.152000427246094
8.208319664001465
9.483455657958984
9.160863876342773
8.43455982208252
5.734208106994629
7.608799934387207
6.915040016174316
13.085536003112793
15.854368209838867
18.646207809448242
13.772768020629883
11.785696029663086
13.05907154083252
14.784192085266113
25.070751190185547
22.07561683654785
13.844703674316406
14.182784080505371
12.26540756225586
8.427552223205566
8.621408462524414
8.905023574829102
6.693471908569336
6.260672092437744
6.250720024108887
5.853312015533447
3.89136004447937
4.745632171630859
3.9993278980255127
4.724512100219727
6.527647972106934
3.6908159255981445
3.4895360469818115
4.345695972442627
5.253600120544434
4.8691840171813965
5.917856216430664
4.5851521492004395
4.750336170196533
3.8711678981781006
3.703903913497925
1512.2711181640625
4.458367824554443
3.6068480014801025
3.366976022720337
4.199520111083984
6.125919818878174
5.861631870269775
4.1877121925354
3.6425280570983887
5.9725117683410645
3.9341440200805664
7.146304130554199
8.08131217956543
4.021759986877441
4.813024044036865

Average: 23.312988278865813
