2.135296106338501
2.762495994567871
2.1530239582061768
2.69651198387146
2.268928050994873
2.5953280925750732
2.1183040142059326
2.7088959217071533
2.092384099960327
2.670912027359009
2.079296112060547
2.6903998851776123
2.112096071243286
2.692608118057251
2.110368013381958
2.6669440269470215
2.1013119220733643
2.6967999935150146
2.327359914779663
2.480639934539795
2.114367961883545
2.6567680835723877
2.109055995941162
2.6813440322875977
2.1187520027160645
2.6943678855895996
2.1251840591430664
2.675168037414551
2.0871999263763428
2.644767999649048
2.162368059158325
2.5378239154815674
2.0995519161224365
2.6804800033569336
2.6468160152435303
2.0601279735565186
2.6945600509643555
2.1667840480804443
2.6809279918670654
2.023103952407837
2.6980481147766113
2.0199999809265137
2.6504321098327637
2.0333759784698486
2.7986879348754883
2.024768114089966
2.733151912689209
2.0136640071868896
2.681119918823242
2.02892804145813
2.7332799434661865
2.020319938659668
2.702399969100952
2.0078721046447754
2.7221438884735107
2.018143892288208
2.7189440727233887
2.294879913330078
3.2147200107574463
2.077888011932373
2.7041919231414795
2.083872079849243
2.6084160804748535
2.0952959060668945
2.6428799629211426
2.0915520191192627
2.580319881439209
2.118175983428955
2.6036479473114014
2.073823928833008
2.695904016494751
2.876192092895508
2.647711992263794
2.108128070831299
2.5797119140625
2.049407958984375
2.5900158882141113
2.066431999206543
2.6177918910980225
2.0677759647369385
2.600831985473633
2.065984010696411
2.69814395904541
2.09987211227417
2.6757121086120605
2.130176067352295
2.5745279788970947
2.0797760486602783
2.638848066329956
2.072767972946167
2.5974080562591553
2.0586559772491455
2.6320641040802
2.147615909576416
2.5808639526367188
2.0675840377807617
2.5992960929870605
2.0652480125427246
2.5876479148864746
2.084383964538574

Average: 2.389708478450775
