4.858335971832275
5.860000133514404
5.908031940460205
5.722784042358398
5.873216152191162
5.665599822998047
5.124927997589111
5.79036808013916
5.964288234710693
5.935647964477539
6.523615837097168
5.351615905761719
5.373727798461914
5.8739519119262695
5.538527965545654
5.983744144439697
6.323040008544922
5.603104114532471
5.866911888122559
5.690080165863037
5.7136640548706055
6.7808637619018555
6.77942419052124
5.516704082489014
5.799168109893799
5.078815937042236
5.7808637619018555
5.7707200050354
5.591360092163086
5.542880058288574
6.335328102111816
5.704736232757568
5.4304962158203125
5.06220817565918
5.927231788635254
5.974592208862305
5.826047897338867
8.426079750061035
5.40064001083374
5.842751979827881
7.9773759841918945
9.02790355682373
7.509376049041748
7.586175918579102
5.476895809173584
5.787327766418457
5.619872093200684
5.520415782928467
5.664351940155029
5.242879867553711
5.9975361824035645
6.2732157707214355
6.4304962158203125
6.029600143432617
6.092480182647705
5.949888229370117
4.921951770782471
5.81328010559082
5.547232151031494
5.639743804931641
5.804927825927734
5.9798078536987305
5.898591995239258
5.0135040283203125
6.059360027313232
5.891776084899902
6.22544002532959
5.846047878265381
5.775968074798584
5.869952201843262
5.744800090789795
5.444575786590576
5.343071937561035
9.274208068847656
8.070624351501465
5.516096115112305
5.893727779388428
5.3909759521484375
5.629695892333984
5.5307841300964355
5.500576019287109
5.818719863891602
5.465248107910156
6.180160045623779
5.3439040184021
5.919519901275635
5.265312194824219
5.884928226470947
5.862368106842041
5.151103973388672
5.795743942260742
6.350624084472656
6.2472639083862305
6.328735828399658
5.649472236633301
5.451968193054199
5.276735782623291
5.684671878814697
5.703360080718994
5.791776180267334

Average: 5.9210022449493405
