0.9254080057144165
1.0715199708938599
0.7951040267944336
0.8412799835205078
0.8500800132751465
0.7719359993934631
0.8754240274429321
0.8467199802398682
0.7438719868659973
0.9005119800567627
0.7937279939651489
0.8364160060882568
0.7785599827766418
0.8485119938850403
0.7623680233955383
1.0114879608154297
0.931551992893219
0.7470080256462097
0.8833919763565063
0.761568009853363
0.8325120210647583
1.0754879713058472
0.727616012096405
0.8466879725456238
0.8095359802246094
0.8797119855880737
0.7678719758987427
0.8186560273170471
0.7724800109863281
0.8496320247650146
0.7893440127372742
0.7563520073890686
0.8092160224914551
0.7299519777297974
0.8580800294876099
0.8051199913024902
0.7705280184745789
0.8142399787902832
0.7376000285148621
0.8714240193367004
0.7086719870567322
0.8961279988288879
0.6832960247993469
0.930400013923645
0.7460799813270569
0.8350399732589722
0.7294719815254211
0.8367360234260559
0.7911679744720459
0.7507839798927307
0.8516160249710083
0.7140160202980042
0.8375040292739868
0.7896000146865845
0.7927359938621521
0.7601600289344788
0.8418880105018616
0.7156800031661987
0.8688639998435974
0.7540479898452759
0.9115520119667053
0.6840320229530334
0.9047359824180603
0.8260160088539124
0.8107839822769165
0.7666559815406799
0.8000320196151733
0.766431987285614
0.8251199722290039
0.7627840042114258
0.8193280100822449
0.7259839773178101
1.102720022201538
0.6850240230560303
0.92467200756073
0.693120002746582
0.8974400162696838
0.710207998752594
0.9216319918632507
0.6876159906387329
0.9057599902153015
0.7077760100364685
0.8980479836463928
0.7399680018424988
0.8179200291633606
0.7804480195045471
0.7456960082054138
0.8205440044403076
0.7786880135536194
0.8199040293693542
0.7388160228729248
0.824288010597229
0.7270079851150513
0.9009919762611389
0.6975039839744568
0.9088640213012695
0.6893119812011719
0.9022079706192017
0.6889280080795288
31.053312301635742

Average: 1.1150425642728805
