0.5669440031051636
2.902911901473999
2.8096001148223877
2.8625919818878174
2.739423990249634
2.4479360580444336
2.4854719638824463
3.0516159534454346
2.2568960189819336
2.6436479091644287
2.0573439598083496
2.762336015701294
1.9384000301361084
2.3460800647735596
2.3759679794311523
2.285792112350464
2.144767999649048
2.8242878913879395
3.258591890335083
1.8260159492492676
2.092031955718994
2.1208319664001465
2.2352960109710693
3.3593599796295166
2.858880043029785
4.025407791137695
4.513311862945557
1.831104040145874
2.6035521030426025
2.3435521125793457
2.0858240127563477
1.9141119718551636
1.8298879861831665
2.001983880996704
1.8365119695663452
2.742016077041626
1.9901119470596313
2.1202239990234375
7.857344150543213
6.835296154022217
5.232480049133301
3.8880960941314697
5.281951904296875
3.9218239784240723
2.797312021255493
2.083967924118042
3.5178239345550537
8.997983932495117
4.946112155914307
4.4152960777282715
3.069823980331421
5.321280002593994
3.3945600986480713
3.1906559467315674
3.8208959102630615
3.237152099609375
8.94707202911377
3.6679999828338623
3.7976319789886475
4.28380823135376
2.6456000804901123
2.454240083694458
2.3289599418640137
2.827455997467041
3.2239038944244385
3.3974719047546387
2.626944065093994
3.834239959716797
3.2443840503692627
2.2326080799102783
2.1685760021209717
1.8390400409698486
2.148319959640503
1.9494719505310059
2.1703360080718994
7.676864147186279
4.0463361740112305
10.687423706054688
11.053567886352539
8.16051197052002
8.946816444396973
8.045184135437012
4.332543849945068
2.5615999698638916
3.7368319034576416
4.2564802169799805
2.9454081058502197
2.508671998977661
4.028927803039551
5.01964807510376
7.012415885925293
6.327936172485352
4.047359943389893
3.203711986541748
4.752511978149414
5.104479789733887
3.2683520317077637
3.765439987182617
2.6708478927612305
2.9253759384155273

Average: 3.657737921476364
