0.5185920000076294
0.5113919973373413
0.5087040066719055
0.5123519897460938
0.5139840245246887
0.5115839838981628
0.5047680139541626
0.5116479992866516
0.5127999782562256
0.5129280090332031
0.5168960094451904
0.5118079781532288
0.5070080161094666
0.5095679759979248
0.5162879824638367
0.5132480263710022
0.5123839974403381
0.515392005443573
0.509984016418457
0.5059840083122253
0.5097280144691467
0.5101439952850342
0.511135995388031
0.5073279738426208
0.5054399967193604
0.5093119740486145
0.5095679759979248
0.5048959851264954
0.5070719718933105
0.510591983795166
0.5087680220603943
0.509440004825592
0.510591983795166
0.5084159970283508
0.5112640261650085
0.5106880068778992
0.5116479992866516
0.5095360279083252
0.5053120255470276
0.5113599896430969
0.511135995388031
0.5089920163154602
0.5129600167274475
0.5058879852294922
0.5117440223693848
0.5113919973373413
0.5132160186767578
0.510047972202301
0.5095360279083252
0.5094720125198364
0.5095040202140808
0.5117759704589844
0.5095999836921692
0.5079360008239746
0.5109760165214539
0.507968008518219
0.5075839757919312
0.5132480263710022
0.508575975894928
0.5137919783592224
0.5101760029792786
0.5081599950790405
0.5080000162124634
0.5071039795875549
0.5071359872817993
0.5073919892311096
0.5261120200157166
0.5089920163154602
0.514303982257843
0.5120959877967834
0.5126399993896484
0.5086719989776611
0.5075520277023315
0.5120319724082947
0.5225279927253723
0.5067200064659119
0.5098879933357239
0.5120639801025391
0.5100160241127014
0.5090879797935486
0.512607991695404
0.509663999080658
0.5103999972343445
0.5071359872817993
0.5078719854354858
0.5109440088272095
0.5097280144691467
0.5073599815368652
0.5107520222663879
0.5070080161094666
0.5086079835891724
0.5103039741516113
0.5120639801025391
0.5086079835891724
0.5065919756889343
0.5075520277023315
0.510591983795166
0.5117120146751404
0.5094079971313477
0.5088000297546387

Average: 0.5103327989578247
