3.0919039249420166
3.082655906677246
3.079551935195923
3.081792116165161
3.0835840702056885
3.0820798873901367
3.079551935195923
3.076864004135132
3.0808959007263184
3.085344076156616
3.0815041065216064
3.077536106109619
3.076256036758423
3.0681920051574707
3.0742719173431396
3.0631680488586426
3.074944019317627
3.073983907699585
3.0693440437316895
3.0777599811553955
3.0776638984680176
3.0729598999023438
3.0645759105682373
3.0695040225982666
3.0728321075439453
3.0668160915374756
3.0878078937530518
3.08188796043396
3.071552038192749
3.065920114517212
3.0662078857421875
3.074336051940918
3.068608045578003
3.0663681030273438
3.061919927597046
3.0726399421691895
3.0642240047454834
3.0733120441436768
3.073823928833008
3.087264060974121
3.066943883895874
3.0669760704040527
3.0692479610443115
3.0669760704040527
2.977695941925049
2.82425594329834
2.820672035217285
2.8138558864593506
2.821216106414795
2.8277759552001953
2.821631908416748
2.8221120834350586
2.821536064147949
2.8172481060028076
2.8263680934906006
2.8274240493774414
2.8278720378875732
2.825439929962158
2.82259202003479
2.8182079792022705
2.8302080631256104
2.822943925857544
2.8267838954925537
2.8272640705108643
2.817919969558716
2.8215999603271484
2.8222079277038574
2.8293440341949463
2.8215999603271484
2.8262081146240234
2.82425594329834
2.8192319869995117
2.8197760581970215
2.8169920444488525
2.822688102722168
2.8330559730529785
2.8193600177764893
2.821887969970703
2.828864097595215
2.8232638835906982
2.7886719703674316
2.786400079727173
2.784224033355713
2.786207914352417
2.7849280834198
2.787519931793213
2.7889280319213867
2.7842559814453125
2.788831949234009
2.785248041152954
2.787168025970459
2.7853119373321533
2.785183906555176
2.7837119102478027
2.788288116455078
2.7840640544891357
2.7831039428710938
2.7845120429992676
2.7844159603118896
2.7849600315093994

Average: 2.9277884793281554
