4.697343826293945
10.647839546203613
7.252448081970215
4.555583953857422
4.185887813568115
5.089216232299805
10.43398380279541
8.833184242248535
6.448319911956787
4.144608020782471
5.200799942016602
1132.9808349609375
4.908768177032471
4.529856204986572
4.051231861114502
3.7129600048065186
8.26534366607666
8.66755199432373
5.786111831665039
8.269984245300293
9.277664184570312
6.425695896148682
4.860415935516357
3.778143882751465
12.314080238342285
18.73311996459961
7.002208232879639
4.948256015777588
9.757823944091797
6.096447944641113
5.810080051422119
5.535935878753662
5.1984639167785645
5.1893439292907715
3.929471969604492
12.60422420501709
11.582752227783203
5.403232097625732
4.579103946685791
4.279871940612793
6.063712120056152
5.263360023498535
7.609216213226318
7.868063926696777
7.013088226318359
5.326591968536377
4.074848175048828
5.063327789306641
3.8329598903656006
4.6102399826049805
4.448800086975098
4.670048236846924
4.7969279289245605
3.5494399070739746
4.545951843261719
3.3950400352478027
3.1182401180267334
3.3350400924682617
3.010240077972412
3.0633280277252197
3.7405760288238525
3.115999937057495
3.2215681076049805
3.03056001663208
3.093280076980591
3.061919927597046
3.185920000076294
3.1036159992218018
3.2052159309387207
3.14467191696167
4.761695861816406
5.607456207275391
4.1910080909729
4.387872219085693
3.4468801021575928
3.0118401050567627
3.1362879276275635
2.9561920166015625
2.9360320568084717
3.4883840084075928
3.1135358810424805
4.9069437980651855
9.684927940368652
8.714719772338867
5.602272033691406
13.000543594360352
10.91590404510498
9.770272254943848
9.486207962036133
9.262016296386719
7.56063985824585
3.622783899307251
3.4419519901275635
3.425568103790283
4.267519950866699
87.73661041259766
3.5156478881835938
3.734463930130005
3.100224018096924
5.035039901733398

Average: 17.74351429462433
