0.7531840205192566
7.663584232330322
3.0648000240325928
6.503583908081055
7.040736198425293
9.918304443359375
5.652224063873291
4.007584095001221
4.783360004425049
4.224639892578125
3.713376045227051
3.6380159854888916
3.940768003463745
3.121471881866455
2.909696102142334
2.5910398960113525
2.7661759853363037
7.400256156921387
8.40880012512207
7.3091840744018555
11.25487995147705
12.873503684997559
6.718400001525879
6.0597758293151855
3.602015972137451
4.631103992462158
13.62720012664795
12.739328384399414
12.55344009399414
7.829792022705078
4.060031890869141
9.74563217163086
8.332127571105957
6.276895999908447
7.265279769897461
5.170271873474121
4.364160060882568
3.263360023498535
2.91648006439209
3.659615993499756
2.8315200805664062
3.365407943725586
5.627679824829102
3.722048044204712
3.796288013458252
4.215456008911133
2.7331840991973877
2.6991360187530518
2.6053760051727295
3.0573439598083496
2.5456318855285645
6.491199970245361
18.84012794494629
14.382271766662598
8.13315200805664
8.01968002319336
11.152447700500488
6.150752067565918
12.067392349243164
9.259712219238281
12.317184448242188
7.944896221160889
5.818272113800049
6.772064208984375
4.526944160461426
5.056096076965332
3.3611838817596436
3.3304319381713867
7.830175876617432
9.280768394470215
5.329472064971924
4.480703830718994
4.117568016052246
5.288479804992676
9.285152435302734
5.321119785308838
9.34598445892334
6.278624057769775
5.2178239822387695
7.885824203491211
6.984096050262451
6.268576145172119
5.245567798614502
5.551968097686768
4.8342719078063965
9.98528003692627
12.470784187316895
6.554431915283203
15.053183555603027
9.55020809173584
5.223775863647461
6.043903827667236
3.719264030456543
5.612031936645508
5.227456092834473
5.73305606842041
10.276032447814941
10.253472328186035
7.656767845153809
4.20195198059082

Average: 6.532847387194633
