1.4826560020446777
1.5401920080184937
1.5280319452285767
1.5305919647216797
1.5289599895477295
1.528480052947998
1.53603196144104
1.5213760137557983
1.5242880582809448
1.5232959985733032
1.5279040336608887
1.5331519842147827
1.5240960121154785
1.52128005027771
1.5235519409179688
1.5291199684143066
1.5424319505691528
1.4739199876785278
1.5225919485092163
1.5303360223770142
1.5214719772338867
1.527616024017334
1.4713599681854248
1.5223040580749512
1.5340160131454468
1.5250240564346313
1.5287359952926636
1.5309439897537231
1.5227839946746826
1.5450880527496338
1.5231679677963257
1.5276479721069336
1.4714879989624023
1.522271990776062
1.5312319993972778
1.5246399641036987
1.5313279628753662
1.5266239643096924
1.5255680084228516
1.5304960012435913
1.5300480127334595
1.5322240591049194
1.5318080186843872
1.5294400453567505
1.5294400453567505
1.462623953819275
1.528704047203064
1.5250240564346313
1.4595520496368408
1.5255039930343628
1.5255359411239624
1.4608960151672363
1.5312639474868774
1.4660160541534424
1.5247360467910767
1.5271680355072021
1.529695987701416
1.4696639776229858
1.5309760570526123
1.5282880067825317
1.5243840217590332
1.4713599681854248
1.5198719501495361
1.522976040840149
1.4628159999847412
1.523360013961792
1.530303955078125
1.5207359790802002
1.5285120010375977
1.5276800394058228
1.530079960823059
1.525056004524231
1.5282880067825317
1.5304960012435913
1.5284160375595093
1.5220799446105957
1.5285439491271973
1.5163840055465698
1.5257279872894287
1.5279040336608887
1.5304640531539917
1.5261759757995605
1.5234559774398804
1.5219839811325073
1.5283839702606201
1.530079960823059
1.538815975189209
1.5233919620513916
1.5278719663619995
1.5265920162200928
1.5271999835968018
1.5287679433822632
1.5295039415359497
1.522655963897705
1.5240000486373901
1.519487977027893
1.5292479991912842
1.5259840488433838
1.5291839838027954
1.5267200469970703

Average: 1.5209964787960053
