1.6891839504241943
2.056607961654663
2.1577279567718506
1.8811839818954468
1.365887999534607
2.5183041095733643
3.5710079669952393
1.360640048980713
1.7511999607086182
2.0691521167755127
1.7481919527053833
1.6157439947128296
2.3525118827819824
2.554111957550049
8.086079597473145
1.3680319786071777
1.8983999490737915
1.4055999517440796
1.7213759422302246
1.3309439420700073
1.7042880058288574
1.3655359745025635
1.7271039485931396
1.4154880046844482
1.7201600074768066
1.4074879884719849
1.7280960083007812
1.991744041442871
2.7211201190948486
1.3245439529418945
1.6618560552597046
1.422592043876648
1.7985600233078003
1.4283519983291626
1.8324480056762695
1.3791359663009644
1.8290879726409912
1.436095952987671
1.623136043548584
1.4013439416885376
1.7956160306930542
1.5158400535583496
1.65174400806427
1.6255680322647095
1.2548799514770508
1.9856640100479126
1.4402879476547241
1.594912052154541
1.2431999444961548
1.7262719869613647
1.4037439823150635
3.121151924133301
1.2885760068893433
1.7149120569229126
1.3979840278625488
1.6920640468597412
1.2700159549713135
1.7700799703598022
1.533344030380249
1.8692480325698853
1.7819199562072754
1.5745600461959839
1.5903040170669556
1.4434239864349365
1.7056959867477417
1.4680960178375244
1.3027839660644531
1.7148799896240234
1.3172160387039185
1.9621440172195435
1.4518719911575317
1.9728319644927979
2.3474879264831543
2.5332159996032715
1.5563839673995972
1.704576015472412
1.6554239988327026
1.3459839820861816
1.8170239925384521
1.2788480520248413
2.3504960536956787
2.126271963119507
2.032480001449585
1.6671680212020874
1.7040959596633911
1.2776960134506226
1.9680960178375244
1.512511968612671
1.6223039627075195
2.222912073135376
1.8279999494552612
2.4951040744781494
1.2782080173492432
3.2831039428710938
1.429695963859558
1.6535040140151978
1.2759679555892944
1.8727999925613403
1.4725439548492432
1.818336009979248

Average: 1.807311351299286
