3.327392101287842
3.8917760848999023
3.540479898452759
3.2616961002349854
3.806175947189331
3.740511894226074
3.50982403755188
3.9035840034484863
3.896415948867798
3.8296639919281006
3.491647958755493
3.4345600605010986
3.5815999507904053
3.269439935684204
3.558176040649414
3.149600028991699
3.4645121097564697
3.3223040103912354
3.4990079402923584
4.0820159912109375
3.6458559036254883
3.436352014541626
3.499840021133423
3.7273600101470947
3.1234240531921387
3.8166399002075195
3.8782079219818115
3.7123520374298096
3.7612481117248535
6.415584087371826
3.2940480709075928
3.219935894012451
3.572864055633545
3.49452805519104
3.253056049346924
3.4344959259033203
3.362272024154663
3.3421120643615723
3.4268798828125
3.155168056488037
3.4823999404907227
3.64518404006958
3.658047914505005
3.407423973083496
3.3304319381713867
3.9384639263153076
3.522144079208374
3.715872049331665
3.7521278858184814
3.3308799266815186
3.5920960903167725
3.461951971054077
3.1753599643707275
3.5448639392852783
3.2698559761047363
3.4936959743499756
3.4319040775299072
3.288288116455078
3.3018879890441895
3.27292799949646
3.4726719856262207
3.339168071746826
3.2561280727386475
3.4358720779418945
3.2952001094818115
3.335103988647461
3.4242238998413086
3.074847936630249
3.4719998836517334
3.4735679626464844
5.578335762023926
4.0379838943481445
3.8743999004364014
3.7151999473571777
3.917759895324707
3.5312960147857666
3.4104959964752197
3.490783929824829
3.5820159912109375
3.152479887008667
3.368959903717041
4.268767833709717
4.472415924072266
3.329024076461792
3.5598080158233643
3.518143892288208
3.2390079498291016
3.3716158866882324
3.8771839141845703
3.322783946990967
3.3151040077209473
3.337440013885498
3.430079936981201
3.417151927947998
3.1482560634613037
3.227839946746826
3.423072099685669
3.223968029022217
3.359776020050049
3.4362881183624268

Average: 3.5526463866233824
