1.5582079887390137
1.5442880392074585
1.5434880256652832
1.541599988937378
1.5431360006332397
1.4813439846038818
1.548095941543579
1.5368640422821045
1.5440319776535034
1.5465919971466064
1.5391360521316528
1.560479998588562
1.486464023590088
1.5440000295639038
1.4855040311813354
1.5436160564422607
1.5470399856567383
1.5414719581604004
1.542688012123108
1.5451840162277222
1.5452799797058105
1.5424959659576416
1.5467840433120728
1.5430400371551514
1.5500799417495728
1.5474560260772705
1.5439679622650146
1.5423680543899536
1.5430400371551514
1.547327995300293
1.5403519868850708
1.5518720149993896
1.487231969833374
1.540768027305603
1.5039360523223877
1.5494719743728638
1.545408010482788
1.5415359735488892
1.5409599542617798
1.545248031616211
1.5467519760131836
1.548192024230957
1.532639980316162
1.5386240482330322
1.5300159454345703
1.5407040119171143
1.5071359872817993
1.425279974937439
1.4111360311508179
1.4038399457931519
1.4141759872436523
1.4083199501037598
1.4042880535125732
1.4084800481796265
1.4060800075531006
1.4097919464111328
1.4087680578231812
1.4078079462051392
1.4087040424346924
1.4127039909362793
1.3591680526733398
1.4174400568008423
1.4100159406661987
1.4065279960632324
1.4083839654922485
1.4052159786224365
1.412511944770813
1.405951976776123
1.4056960344314575
1.408735990524292
1.4043840169906616
1.411903977394104
1.4160319566726685
1.4092799425125122
1.41103994846344
1.4078079462051392
1.4076160192489624
1.4071680307388306
1.412511944770813
1.4057600498199463
1.411072015762329
1.410815954208374
1.412511944770813
1.4151040315628052
1.4078079462051392
1.4101760387420654
1.4090880155563354
1.4069440364837646
1.4085760116577148
1.4060159921646118
1.4131200313568115
1.408352017402649
1.4111360311508179
1.4156160354614258
1.4108799695968628
1.4076160192489624
1.4074879884719849
1.4088959693908691
1.4109439849853516
1.4102400541305542

Average: 1.4693084800243377
