1.446079969406128
1.8991680145263672
1.4625600576400757
1.8382400274276733
1.7399359941482544
1.3582719564437866
1.8995840549468994
1.3630399703979492
1.8007359504699707
1.3280960321426392
1.6673920154571533
1.32150399684906
1.6528960466384888
1.3549120426177979
1.6822400093078613
1.3326719999313354
1.8214080333709717
1.6236159801483154
1.7988159656524658
1.5920000076293945
2.3856959342956543
1.5981119871139526
1.6768319606781006
1.890944004058838
1.4173760414123535
1.873568058013916
1.2986559867858887
1.812831997871399
1.7114239931106567
1.7022080421447754
1.3879679441452026
1.7702720165252686
1.2889599800109863
1.7606079578399658
1.29203200340271
1.7191359996795654
1.288256049156189
1.701248049736023
1.3258559703826904
1.7843199968338013
1.2965439558029175
1.7907840013504028
1.3038079738616943
1.7975679636001587
1.364959955215454
1.7791359424591064
1.2943999767303467
1.7322560548782349
1.412511944770813
1.8452479839324951
1.3891520500183105
1.9040000438690186
1.4733760356903076
1.6077439785003662
1.4391039609909058
1.6837120056152344
1.3212159872055054
2.041663885116577
1.615455985069275
1.6969280242919922
1.346783995628357
1.6654080152511597
1.3170239925384521
2.212575912475586
1.431264042854309
1.7168320417404175
1.3482880592346191
1.6912959814071655
1.438431978225708
2.0173439979553223
1.3269439935684204
1.8067519664764404
1.7819839715957642
1.644544005393982
1.6882879734039307
1.6849919557571411
1.7671359777450562
1.3294399976730347
1.757472038269043
1.739967942237854
1.3908799886703491
2.1357760429382324
1.6895999908447266
1.6355520486831665
1.3355519771575928
1.9551680088043213
1.3606079816818237
2.124799966812134
1.525215983390808
1.8560320138931274
1.3776960372924805
1.7125120162963867
1.3149759769439697
1.734495997428894
1.3522239923477173
1.6078399419784546
1.2537920475006104
1.604159951210022
1.357856035232544
1.599295973777771

Average: 1.6109583961963654
