0.751039981842041
0.696448028087616
0.7030400037765503
0.6890559792518616
0.6482560038566589
0.5488319993019104
0.7138879895210266
0.5535680055618286
0.6424000263214111
0.6552000045776367
0.5455039739608765
0.7149440050125122
0.6631360054016113
0.6963840126991272
0.5913919806480408
0.6730560064315796
0.8887680172920227
0.6153280138969421
0.8364480137825012
0.6420480012893677
0.6512960195541382
0.6595199704170227
0.5466880202293396
0.8190079927444458
0.681984007358551
0.5847679972648621
0.659775972366333
0.6306880116462708
0.5952320098876953
0.648576021194458
0.6386240124702454
0.7520319819450378
0.5520640015602112
0.8012160062789917
0.7106559872627258
0.5502399802207947
0.6893759965896606
0.5836160182952881
0.696287989616394
0.5380160212516785
0.680895984172821
0.5834879875183105
0.8381119966506958
0.5490559935569763
0.9257919788360596
0.5678079724311829
0.6052799820899963
0.6835520267486572
0.5769280195236206
0.6266239881515503
0.6828160285949707
0.616096019744873
0.6025919914245605
0.6191040277481079
0.6461120247840881
0.6193280220031738
0.5973759889602661
0.6192960143089294
1.4180799722671509
0.6441280245780945
0.5853440165519714
0.6630399823188782
0.6158400177955627
0.6534079909324646
0.5714240074157715
0.7388160228729248
0.5541120171546936
0.6256319880485535
0.6593919992446899
0.5659199953079224
0.6880319714546204
0.5397760272026062
0.6386240124702454
0.6532480120658875
0.5876160264015198
0.5990080237388611
0.6687359809875488
0.6457920074462891
0.6385599970817566
0.5565760135650635
0.7274240255355835
0.5524479746818542
0.7421759963035583
0.5698559880256653
0.775551974773407
0.6551679968833923
0.7535679936408997
0.6636480093002319
0.5980160236358643
0.6236479878425598
0.6585279703140259
0.8131200075149536
0.5883839726448059
0.7922880053520203
0.601855993270874
0.7368320226669312
0.6615999937057495
0.5670400261878967
0.735040009021759
0.5717759728431702

Average: 0.6599772816896439
