2.9661760330200195
2.7914879322052
3.4383039474487305
2.8865280151367188
2.2987520694732666
2.62662410736084
2.701792001724243
2.5796799659729004
2.740384101867676
2.7423040866851807
2.4563839435577393
2.7474238872528076
2.6376640796661377
2.7574079036712646
3.575103998184204
3.2388479709625244
2.807391881942749
2.96943998336792
2.2814080715179443
2.646912097930908
3.2408640384674072
2.679136037826538
2.896735906600952
2.7243518829345703
2.977440118789673
3.1767680644989014
3.784320116043091
2.148416042327881
3.0552000999450684
3.1391680240631104
3.4375998973846436
3.2537600994110107
3.927328109741211
3.1019840240478516
2.7936959266662598
5.472959995269775
12.087615966796875
5.024415969848633
3.0409278869628906
2.5979840755462646
2.4817280769348145
2.7228479385375977
2.8564798831939697
2.5236799716949463
3.2574079036712646
2.672447919845581
2.6877119541168213
3.673311948776245
2.541088104248047
2.5471999645233154
2.486016035079956
2.9141759872436523
2.6580801010131836
2.7577600479125977
2.794015884399414
3.532927989959717
2.665055990219116
2.515552043914795
2.7401280403137207
2.972223997116089
2.703263998031616
2.563136100769043
2.4587841033935547
2.54150390625
2.605056047439575
2.3772799968719482
2.337696075439453
2.7366719245910645
11.54207992553711
7.342879772186279
3.007711887359619
2.3147199153900146
2.6375679969787598
3.4336960315704346
2.412544012069702
2.888607978820801
3.014944076538086
2.463360071182251
2.5942718982696533
2.7840640544891357
2.5187199115753174
2.5409600734710693
2.925920009613037
2.6038401126861572
2.240959882736206
2.7488319873809814
2.636255979537964
2.4202558994293213
2.5857601165771484
2.3836801052093506
2.5867199897766113
2.8760640621185303
2.3629119396209717
3.376703977584839
2.8483519554138184
2.4239680767059326
2.1723198890686035
2.5931200981140137
2.5139520168304443
2.2608959674835205

Average: 3.0483055996894834
