2.3668479919433594
3.136575937271118
2.5001280307769775
2.786815881729126
4.570271968841553
2.513375997543335
2.8446080684661865
2.345247983932495
2.8782401084899902
2.279423952102661
2.840480089187622
2.229919910430908
2.898560047149658
2.3144640922546387
2.8736000061035156
2.281503915786743
2.883552074432373
2.3761279582977295
2.836575984954834
2.3235199451446533
2.922463893890381
4.394239902496338
2.829440116882324
2.3368000984191895
2.935231924057007
2.287231922149658
2.811583995819092
2.454240083694458
3.086496114730835
2.825632095336914
2.4663360118865967
3.25711989402771
2.399359941482544
3.098112106323242
2.370431900024414
3.70198392868042
2.455872058868408
2.798527956008911
2.293087959289551
2.7673919200897217
2.278815984725952
2.7130239009857178
2.280384063720703
2.686079978942871
2.255136013031006
2.765471935272217
2.3199679851531982
2.8123199939727783
3.2055039405822754
2.2885758876800537
2.843935966491699
2.2565441131591797
3.52291202545166
2.184351921081543
2.9216320514678955
2.2369918823242188
2.807136058807373
2.212991952896118
2.9242560863494873
2.359231948852539
2.9015040397644043
2.589792013168335
3.0701119899749756
2.7735679149627686
2.411616086959839
2.872704029083252
2.2784640789031982
2.8668160438537598
2.216991901397705
2.996000051498413
2.763551950454712
2.827296018600464
2.229055881500244
2.7789759635925293
2.2556159496307373
2.764512062072754
2.3131840229034424
2.717855930328369
2.3254079818725586
2.7733120918273926
2.421247959136963
2.5533759593963623
2.7514240741729736
2.270303964614868
3.2699201107025146
2.6507198810577393
3.123199939727783
3.0672318935394287
2.2367680072784424
2.9092159271240234
2.2972159385681152
2.9973440170288086
2.296128034591675
2.7169599533081055
3.036384105682373
2.247648000717163
2.7908480167388916
2.2769598960876465
2.8141438961029053
2.2676479816436768

Average: 2.6816771101951598
