0.24051199853420258
0.21769599616527557
0.21116800606250763
0.20867200195789337
0.20582400262355804
0.20668800175189972
0.20563200116157532
0.2051520049571991
0.20416000485420227
0.2547839879989624
0.23164799809455872
0.20377600193023682
0.20227199792861938
0.20371200144290924
0.20323200523853302
0.2048960030078888
0.2016959935426712
0.2022079974412918
0.20124800503253937
0.2027519941329956
0.20227199792861938
0.20316800475120544
0.2014400064945221
0.20278400182724
0.20204800367355347
0.2032960057258606
0.22915199398994446
0.2184000015258789
0.20233599841594696
0.2024960070848465
0.20278400182724
0.20204800367355347
0.2019519954919815
0.20175999402999878
0.2024639993906021
0.2022079974412918
0.20131200551986694
0.20182399451732635
0.20127999782562256
0.20265600085258484
0.20163199305534363
0.20099200308322906
0.20201599597930908
0.23769600689411163
0.23388800024986267
0.20236800611019135
0.2017280012369156
0.2022079974412918
0.2014079988002777
0.2014400064945221
0.20287999510765076
0.20227199792861938
0.2025279998779297
0.2016959935426712
0.201664000749588
0.2006399929523468
0.20121599733829498
0.20156799256801605
0.2014400064945221
0.20319999754428864
0.23545600473880768
0.2280000001192093
0.20230400562286377
0.2038400024175644
0.20083199441432953
0.2017280012369156
0.2003840059041977
0.20262399315834045
0.20099200308322906
0.20227199792861938
0.20182399451732635
0.20272000133991241
0.2024639993906021
0.20268799364566803
0.2019519954919815
0.20262399315834045
0.20182399451732635
0.20188799500465393
0.20294399559497833
0.20095999538898468
0.1992959976196289
0.2009280025959015
0.20127999782562256
0.20105600357055664
0.1998399943113327
0.2008959949016571
0.20057600736618042
0.20230400562286377
0.2008640021085739
0.2011519968509674
0.20112000405788422
0.2009280025959015
0.20345599949359894
0.2025279998779297
0.2003519982099533
0.23452800512313843
0.2181439995765686
0.20185600221157074
0.1995840072631836
0.20006400346755981

Average: 0.20580959990620612
