3.3761279582977295
3.516767978668213
3.7125120162963867
3.4492480754852295
3.6434879302978516
3.4751999378204346
3.6267518997192383
3.4891839027404785
3.6482560634613037
3.544032096862793
3.6591999530792236
3.785952091217041
3.5596799850463867
3.7887680530548096
3.740384101867676
3.429471969604492
3.547391891479492
3.5163838863372803
3.537247896194458
3.4664320945739746
3.564512014389038
3.582304000854492
4.112959861755371
3.690272092819214
3.533888101577759
3.501024007797241
3.4769599437713623
3.5696640014648438
3.588383913040161
3.6989760398864746
3.738816022872925
3.5470080375671387
3.726560115814209
3.355583906173706
3.4660799503326416
3.3106560707092285
3.4352641105651855
3.3322560787200928
3.353408098220825
3.3496639728546143
3.349407911300659
3.3663039207458496
3.429663896560669
3.3384320735931396
3.3657279014587402
3.3204479217529297
3.340640068054199
3.3207359313964844
5.8717122077941895
3.4145278930664062
3.7370879650115967
3.3183679580688477
3.498879909515381
3.4527039527893066
3.456671953201294
3.4579200744628906
3.2685439586639404
3.3531839847564697
3.3232319355010986
3.2674880027770996
3.310080051422119
3.37555193901062
3.3214080333709717
3.2865920066833496
3.3624320030212402
3.2765440940856934
3.2794880867004395
3.2940800189971924
6.656320095062256
3.5301759243011475
3.48854398727417
3.358880043029785
3.380703926086426
3.366719961166382
3.3610880374908447
3.2023680210113525
3.3866240978240967
3.2967679500579834
3.2748799324035645
3.354016065597534
3.3803839683532715
3.2760000228881836
3.3509440422058105
3.2842559814453125
3.2911360263824463
3.278592109680176
3.340928077697754
3.2386879920959473
3.356735944747925
3.297856092453003
3.275808095932007
3.311583995819092
3.274496078491211
3.3235199451446533
3.2723519802093506
3.3088319301605225
3.2749760150909424
3.287328004837036
3.3307840824127197
3.288640022277832

Average: 3.4890550422668456
