3.31443190574646
3.665503978729248
3.4591360092163086
3.3674559593200684
3.2820799350738525
3.193376064300537
3.54313588142395
3.2431681156158447
3.3880960941314697
3.5366721153259277
3.7156479358673096
3.4492480754852295
3.190016031265259
3.6025280952453613
3.558176040649414
3.8440959453582764
2.940448045730591
3.703455924987793
3.3401598930358887
3.368351936340332
3.347071886062622
3.5231359004974365
3.284991979598999
3.6997439861297607
2.9011199474334717
3.4992001056671143
3.576575994491577
3.3085761070251465
3.7106881141662598
3.5814080238342285
2.884927988052368
3.818176031112671
3.646752119064331
3.3380160331726074
3.257280111312866
3.354559898376465
3.6630399227142334
3.4050240516662598
3.393791913986206
3.187295913696289
3.508064031600952
3.536895990371704
3.362112045288086
3.4048640727996826
4.088223934173584
3.4725120067596436
3.8699839115142822
3.4052159786224365
3.215264081954956
3.3453760147094727
3.4573440551757812
3.4236481189727783
3.055072069168091
3.2215681076049805
3.4847679138183594
3.3438079357147217
3.326495885848999
3.3718080520629883
3.509183883666992
3.2328639030456543
3.434623956680298
3.2188479900360107
3.340384006500244
3.592223882675171
3.1211841106414795
3.5310399532318115
3.1388800144195557
3.5648961067199707
3.4889280796051025
3.0130560398101807
3.3257598876953125
3.6471359729766846
3.1172800064086914
3.332319974899292
3.2788798809051514
3.411007881164551
3.4679999351501465
3.251807928085327
3.1385281085968018
3.277631998062134
3.470560073852539
3.559551954269409
3.248863935470581
2.9983999729156494
3.7942399978637695
3.364959955215454
3.2010560035705566
3.4342079162597656
3.438431978225708
3.392927885055542
3.3526079654693604
3.1648640632629395
3.5425920486450195
3.455008029937744
3.2105278968811035
3.3393280506134033
3.128159999847412
3.7140159606933594
5.955967903137207
3.825216054916382

Average: 3.43005535364151
