2.504672050476074
2.7762560844421387
2.578752040863037
2.4633278846740723
3.2656960487365723
2.4388480186462402
2.0155200958251953
2.408479928970337
2.4330880641937256
1.7919360399246216
2.2535998821258545
2.2386879920959473
2.0779199600219727
2.0523838996887207
2.0527679920196533
2.1366078853607178
2.144160032272339
2.4042561054229736
2.139103889465332
1.8777600526809692
2.098400115966797
2.3999359607696533
2.272063970565796
2.5593600273132324
2.41923189163208
2.5692479610443115
2.721280097961426
2.1164159774780273
2.6112639904022217
2.4097280502319336
2.209887981414795
2.619296073913574
2.179231882095337
2.18176007270813
2.9368960857391357
1.984895944595337
2.0088961124420166
2.172447919845581
2.130527973175049
2.102463960647583
1.795583963394165
2.2139201164245605
2.4700160026550293
1.8429440259933472
2.124095916748047
2.4094080924987793
2.0060160160064697
2.1955199241638184
2.0817599296569824
1.8600000143051147
2.4386560916900635
2.4718399047851562
2.67411208152771
2.5346240997314453
3.1493759155273438
2.5227839946746826
5.013343811035156
2.346719980239868
2.273792028427124
2.1072640419006348
2.322688102722168
1.6972479820251465
2.648576021194458
2.6522879600524902
2.0514559745788574
2.8661439418792725
2.9632959365844727
2.6090240478515625
2.9580159187316895
2.0968639850616455
2.437664031982422
2.491328001022339
2.571552038192749
1.7690240144729614
2.3052799701690674
2.4461119174957275
2.1321918964385986
2.808255910873413
2.7208640575408936
3.956223964691162
2.772416114807129
2.464319944381714
3.6041600704193115
3.002687931060791
2.697824001312256
3.077791929244995
2.105247974395752
2.114367961883545
3.557248115539551
1.89792001247406
2.9074881076812744
3.180511951446533
2.2171199321746826
3.122015953063965
2.72108793258667
2.4193921089172363
2.0343360900878906
2.212928056716919
2.610624074935913
2.181567907333374

Average: 2.446939837932587
