0.6342719793319702
3.168351888656616
5.713696002960205
2.7844479084014893
2.6044158935546875
2.473599910736084
2.46396803855896
2.402656078338623
9.037343978881836
9.675488471984863
5.435840129852295
3.7444159984588623
3.779616117477417
4.632448196411133
3.466655969619751
3.420736074447632
4.626143932342529
3.4246718883514404
3.2130239009857178
3.2608959674835205
2.933824062347412
2.7112319469451904
3.0143680572509766
2.344032049179077
2.253024101257324
2.6764800548553467
2.521696090698242
2.8017280101776123
2.709343910217285
2.7666239738464355
2.581984043121338
2.6186559200286865
2.532128095626831
2.560256004333496
4.219359874725342
2.4041919708251953
2.357408046722412
2.2839999198913574
2.7760961055755615
3.0948801040649414
3.7840640544891357
7.804031848907471
2.96230411529541
2.79366397857666
6.91868782043457
2.7881920337677
3.536799907684326
4.56112003326416
4.995999813079834
3.3837759494781494
3.599423885345459
2.7408640384674072
4.70527982711792
2.6628799438476562
2.8123838901519775
2.7013120651245117
9.136096000671387
6.049824237823486
4.3212480545043945
2.73088002204895
2.712383985519409
2.5452160835266113
2.9767680168151855
2.652575969696045
2.331295967102051
2.438431978225708
8.736736297607422
7.412928104400635
7.277503967285156
5.010784149169922
5.7358717918396
6.5759358406066895
5.660160064697266
8.004608154296875
11.13145637512207
15.46678352355957
6.229983806610107
4.555776119232178
3.1831679344177246
11.536255836486816
8.67676830291748
10.453439712524414
8.150176048278809
3.6715519428253174
2.95084810256958
3.790623903274536
3.487231969833374
3.3612799644470215
2.8491199016571045
2.816960096359253
3.4783999919891357
3.0137600898742676
2.8255040645599365
8.908543586730957
6.343167781829834
9.393919944763184
3.3234879970550537
3.5464000701904297
5.177504062652588
4.975232124328613

Average: 4.424813758134842
