2.117248058319092
2.5297279357910156
2.4566400051116943
2.3274240493774414
2.0049920082092285
2.5590720176696777
2.6593921184539795
1.8895039558410645
2.256704092025757
1.9100159406661987
4.231904029846191
3.4242238998413086
10.403327941894531
6.8191680908203125
2.4050240516662598
2.5600318908691406
4.292479991912842
3.1122560501098633
2.521343946456909
1.8299839496612549
2.2650880813598633
3.094208002090454
2.3015999794006348
2.4817919731140137
2.5845439434051514
3.4424960613250732
3.1988799571990967
2.047935962677002
2.649343967437744
2.651871919631958
2.378495931625366
2.6918399333953857
2.2765119075775146
2.6555840969085693
2.9686079025268555
2.4351038932800293
1.9505599737167358
2.2004799842834473
2.2489280700683594
2.367647886276245
1.8777600526809692
2.2458879947662354
2.4633920192718506
1.9827200174331665
2.189663887023926
2.004319906234741
2.0161919593811035
2.259392023086548
2.2739200592041016
3.413055896759033
2.5426559448242188
2.1570239067077637
3.1220479011535645
2.422528028488159
2.367743968963623
2.3619840145111084
2.615328073501587
2.815455913543701
3.1173439025878906
2.5248639583587646
2.9474880695343018
2.1896960735321045
3.1711039543151855
2.093600034713745
2.0837759971618652
2.934880018234253
2.5787200927734375
1.7959359884262085
1.9845119714736938
2.5098559856414795
1.9322880506515503
2.9841599464416504
2.9369919300079346
2.4356799125671387
2.1749119758605957
2.697727918624878
2.3232638835906982
3.6151680946350098
3.761183977127075
2.218463897705078
2.763360023498535
2.7397758960723877
2.326495885848999
2.8112640380859375
2.5409600734710693
2.5459840297698975
2.659071922302246
2.5220160484313965
2.626784086227417
3.3869121074676514
1.9553279876708984
3.961280107498169
3.7350080013275146
2.1279358863830566
2.4971840381622314
2.2202560901641846
2.605504035949707
2.3162879943847656
2.228800058364868
2.6635520458221436

Average: 2.6857843101024628
