0.9718400239944458
0.9055359959602356
0.9565759897232056
0.9392960071563721
0.954367995262146
0.8905919790267944
0.895904004573822
0.9006080031394958
0.8971520066261292
0.8926720023155212
0.8926720023155212
0.9045439958572388
0.8954240083694458
0.8903679847717285
0.9052799940109253
0.8953920006752014
0.9539520144462585
0.8495680093765259
0.8938239812850952
0.893280029296875
0.9581120014190674
0.9542719721794128
0.9569600224494934
0.9041600227355957
0.8973119854927063
0.8969280123710632
0.8896639943122864
0.9498559832572937
0.893343985080719
0.8967999815940857
0.959168016910553
0.8455359935760498
0.8916159868240356
0.8487359881401062
0.9477440118789673
0.907039999961853
0.8946880102157593
0.8983039855957031
0.8940479755401611
0.9587839841842651
0.9596160054206848
0.8482879996299744
0.8947839736938477
0.8965759873390198
0.8943679928779602
0.9544320106506348
0.8505600094795227
0.9514560103416443
0.8897600173950195
0.9505280256271362
0.9532480239868164
0.8920320272445679
0.9048960208892822
0.8490560054779053
0.9040960073471069
0.900223970413208
0.8953279852867126
0.9023360013961792
0.8976320028305054
0.894432008266449
0.9111040234565735
0.8962879776954651
0.8920320272445679
0.9541760087013245
0.9579839706420898
0.8924800157546997
0.8950080275535583
0.891040027141571
0.8980159759521484
0.9514880180358887
0.9520320296287537
0.9504960179328918
0.8471680283546448
0.9053120017051697
0.9467520117759705
0.9607359766960144
0.8946560025215149
0.9510400295257568
0.8924480080604553
0.8997439742088318
0.8981760144233704
0.9537919759750366
0.8954880237579346
0.9608640074729919
0.8961279988288879
0.9033920168876648
0.8914880156517029
0.9578880071640015
0.9498879909515381
0.9515200257301331
0.9105600118637085
0.9092159867286682
0.9533439874649048
0.8934720158576965
0.8506559729576111
0.8493120074272156
0.9086400270462036
0.9536319971084595
0.8888959884643555
0.9491199851036072

Average: 0.9117104023694992
