0.25731199979782104
0.21731199324131012
0.2120639979839325
0.2067199945449829
0.2043199986219406
0.2011519968509674
0.2035519927740097
0.20236800611019135
0.20175999402999878
0.20192000269889832
0.2011519968509674
0.2009280025959015
0.2008640021085739
0.20207999646663666
0.200095996260643
0.22950400412082672
0.23583999276161194
0.20147199928760529
0.20032000541687012
0.20076799392700195
0.19996799528598785
0.1995840072631836
0.19888000190258026
0.19990399479866028
0.20076799392700195
0.20188799500465393
0.20127999782562256
0.2001280039548874
0.20083199441432953
0.20051200687885284
0.20057600736618042
0.2011519968509674
0.22390399873256683
0.22844800353050232
0.20095999538898468
0.19974400103092194
0.2006720006465912
0.20095999538898468
0.20163199305534363
0.20175999402999878
0.200095996260643
0.19964799284934998
0.20032000541687012
0.19920000433921814
0.20073600113391876
0.20124800503253937
0.2008640021085739
0.2006080001592636
0.2008640021085739
0.20054399967193604
0.22966399788856506
0.2261440008878708
0.20121599733829498
0.19990399479866028
0.20041599869728088
0.2008959949016571
0.20047999918460846
0.20051200687885284
0.2003519982099533
0.20022399723529816
0.20032000541687012
0.20025600492954254
0.20073600113391876
0.2011519968509674
0.2003519982099533
0.19974400103092194
0.20022399723529816
0.2242880016565323
0.23270399868488312
0.20105600357055664
0.20127999782562256
0.20015999674797058
0.20080000162124634
0.19977599382400513
0.2006720006465912
0.20028799772262573
0.19952000677585602
0.2008640021085739
0.20175999402999878
0.19990399479866028
0.20099200308322906
0.20108799636363983
0.20015999674797058
0.20192000269889832
0.1998720020055771
0.2128639966249466
0.21158400177955627
0.20095999538898468
0.19961600005626678
0.19993600249290466
0.1998399943113327
0.19996799528598785
0.20134399831295013
0.20083199441432953
0.2147199958562851
0.21587200462818146
0.20015999674797058
0.19961600005626678
0.1984959989786148
0.19862399995326996

Average: 0.2043331190943718
