0.25484800338745117
0.2284799963235855
0.22300800681114197
0.2200320065021515
0.21769599616527557
0.21644799411296844
0.21644799411296844
0.2144639939069748
0.21583999693393707
0.21353599429130554
0.21439999341964722
0.21359999477863312
0.25251200795173645
0.2511039972305298
0.20479999482631683
0.20483200252056122
0.20572799444198608
0.20505599677562714
0.2051199972629547
0.20691199600696564
0.20454399287700653
0.20627200603485107
0.2054080069065094
0.2051520049571991
0.21859200298786163
0.20160000026226044
0.20214399695396423
0.20278400182724
0.2035840004682541
0.2463040053844452
0.234047994017601
0.20367999374866486
0.20236800611019135
0.20278400182724
0.20160000026226044
0.20272000133991241
0.20182399451732635
0.20207999646663666
0.20265600085258484
0.2024960070848465
0.20255999267101288
0.20323200523853302
0.20377600193023682
0.20387199521064758
0.20348800718784332
0.2024639993906021
0.22617599368095398
0.21926400065422058
0.2032960057258606
0.2024639993906021
0.2027519941329956
0.20310400426387787
0.2019519954919815
0.20185600221157074
0.20291200280189514
0.2024639993906021
0.20291200280189514
0.20367999374866486
0.20310400426387787
0.20179200172424316
0.2027519941329956
0.20396800339221954
0.2035519927740097
0.23731200397014618
0.23839999735355377
0.20284800231456757
0.2025279998779297
0.2019519954919815
0.20336000621318817
0.20259200036525726
0.20182399451732635
0.20278400182724
0.20175999402999878
0.20364800095558167
0.20227199792861938
0.20281599462032318
0.2035840004682541
0.20307199656963348
0.20268799364566803
0.20294399559497833
0.22291199862957
0.2128320038318634
0.20239999890327454
0.2022079974412918
0.20230400562286377
0.2025279998779297
0.2017280012369156
0.20185600221157074
0.20204800367355347
0.20134399831295013
0.20105600357055664
0.2006720006465912
0.2038400024175644
0.2038400024175644
0.2030400037765503
0.20259200036525726
0.20156799256801605
0.2035199999809265
0.24694399535655975
0.22684800624847412

Average: 0.20907359957695007
