0.5268160104751587
0.5155519843101501
0.5147200226783752
0.5147200226783752
0.5153599977493286
0.5127679705619812
0.51801598072052
0.5156800150871277
0.5300480127334595
0.5111680030822754
0.5100799798965454
0.5110080242156982
0.5079360008239746
0.5083839893341064
0.5140159726142883
0.529312014579773
0.5127999782562256
0.510208010673523
0.5125439763069153
0.507423996925354
0.5173119902610779
0.5095679759979248
0.5109760165214539
0.5341119766235352
0.5112000107765198
0.5060480237007141
0.5130879878997803
0.5074880123138428
0.5104960203170776
0.5097919702529907
0.5192959904670715
0.5104960203170776
0.5130559802055359
0.5216959714889526
0.5135040283203125
0.5107839703559875
0.509663999080658
0.5106559991836548
0.5125759840011597
0.5118719935417175
0.5102400183677673
0.5074880123138428
0.5108479857444763
0.5101439952850342
0.5138559937477112
0.5123199820518494
0.509663999080658
0.5081920027732849
0.509984016418457
0.5090240240097046
0.5150079727172852
0.5123519897460938
0.5085440278053284
0.5091519951820374
0.5104640126228333
0.5135040283203125
0.5140159726142883
0.5104640126228333
0.5088319778442383
0.5093119740486145
0.516319990158081
0.5113279819488525
0.5138559937477112
0.5101439952850342
0.5067520141601562
0.5092480182647705
0.5082240104675293
0.5123199820518494
0.5075520277023315
0.5065280199050903
0.512224018573761
0.512607991695404
0.5127040147781372
0.5090879797935486
0.5095040202140808
0.5155839920043945
0.5069119930267334
0.5132160186767578
0.5092160105705261
0.5117120146751404
0.5104640126228333
0.5058240294456482
0.5479679703712463
0.5090240240097046
0.5101439952850342
0.5100160241127014
0.511680006980896
0.5127679705619812
0.5077120065689087
0.5117440223693848
0.5113279819488525
0.5102720260620117
0.5143359899520874
0.5119040012359619
0.5140799880027771
0.5098559856414795
0.5111680030822754
0.5151039958000183
0.5088000297546387
0.5127679705619812

Average: 0.5124764800071716
