2.6870079040527344
2.1546239852905273
2.4351038932800293
2.196352005004883
2.0876801013946533
2.1275839805603027
2.328768014907837
2.153280019760132
1.9734400510787964
2.496511936187744
2.040640115737915
2.0928640365600586
2.2574400901794434
2.209984064102173
1.9659839868545532
2.2284159660339355
2.205183982849121
2.178175926208496
2.157504081726074
2.147520065307617
2.4863040447235107
2.265631914138794
2.1183359622955322
2.2131519317626953
2.065216064453125
2.1093759536743164
2.1791040897369385
2.144223928451538
2.19321608543396
2.343264102935791
2.0984959602355957
2.199552059173584
2.2930240631103516
2.261215925216675
2.0479040145874023
2.468287944793701
2.0031681060791016
2.130592107772827
2.4662721157073975
1.951200008392334
2.3553600311279297
2.9219839572906494
4.472352027893066
4.017759799957275
2.896575927734375
2.2562880516052246
2.2432639598846436
2.196768045425415
2.064160108566284
2.1588799953460693
2.1374080181121826
2.151103973388672
2.2859840393066406
2.1891520023345947
2.1528000831604004
2.1783359050750732
2.3177919387817383
2.016256093978882
2.295072078704834
2.0261759757995605
2.288991928100586
2.10863995552063
2.2853119373321533
2.245311975479126
2.184000015258789
2.120192050933838
2.1737918853759766
2.2464640140533447
2.0373759269714355
2.3262720108032227
2.145279884338379
2.081984043121338
2.2433600425720215
2.258431911468506
2.027168035507202
2.2443199157714844
2.1120638847351074
2.33459210395813
2.018847942352295
2.2517759799957275
2.168800115585327
2.15993595123291
2.042912006378174
2.235840082168579
2.2133119106292725
2.096191883087158
2.2894721031188965
2.0685439109802246
2.2647039890289307
2.3154239654541016
2.151711940765381
2.303584098815918
2.5619521141052246
4.102367877960205
2.30131196975708
2.237407922744751
1.9482239484786987
2.235487937927246
2.178816080093384
2.2398719787597656

Average: 2.2734511983394623
