0.3083840012550354
0.29289600253105164
0.2930240035057068
0.2930240035057068
0.2938559949398041
0.2919360101222992
0.29151999950408936
0.28963199257850647
0.29651200771331787
0.2919679880142212
0.2935999929904938
0.28883200883865356
0.2924160063266754
0.2919360101222992
0.2922239899635315
0.2910720109939575
0.2916480004787445
0.29209598898887634
0.2924799919128418
0.2911039888858795
0.28944000601768494
0.2943040132522583
0.2934719920158386
0.2894720137119293
0.29366400837898254
0.2887359857559204
0.2905600070953369
0.28860801458358765
0.2901439964771271
0.289792001247406
0.29151999950408936
0.29071998596191406
0.2881920039653778
0.29606398940086365
0.3219839930534363
0.2903999984264374
0.29068800806999207
0.2895359992980957
0.2877439856529236
0.2871359884738922
0.28809601068496704
0.2887040078639984
0.28707200288772583
0.28703999519348145
0.2889600098133087
0.28883200883865356
0.29020801186561584
0.2861120104789734
0.2908160090446472
0.28700798749923706
0.2881920039653778
0.2865920066833496
0.28748801350593567
0.28729599714279175
0.29148799180984497
0.28908801078796387
0.28803199529647827
0.2876479923725128
0.28892800211906433
0.29609599709510803
0.28883200883865356
0.289247989654541
0.29078400135040283
0.29043200612068176
0.289792001247406
0.28652799129486084
0.2879360020160675
0.28838399052619934
0.28675198554992676
0.28624001145362854
0.28883200883865356
0.2897599935531616
0.290367990732193
0.28969600796699524
0.2905600070953369
0.2908799946308136
0.2887679934501648
0.28867200016975403
0.29104000329971313
0.2911039888858795
0.28777599334716797
0.2905600070953369
0.2884800136089325
0.29120001196861267
0.30902400612831116
0.29155200719833374
0.28889599442481995
0.2884159982204437
0.29046401381492615
0.2885439991950989
0.2885119915008545
0.2876479923725128
0.29104000329971313
0.2896000146865845
0.28908801078796387
0.28598400950431824
0.2919679880142212
0.294624000787735
0.2884159982204437
0.28675198554992676

Average: 0.2906918406486511
