9.503616333007812
6.4746880531311035
7.904575824737549
7.405055999755859
7.54969596862793
8.568320274353027
8.388031959533691
7.414432048797607
7.944096088409424
8.072928428649902
10.544927597045898
9.022591590881348
7.6650238037109375
7.496064186096191
6.676576137542725
14.285920143127441
7.629439830780029
8.617919921875
8.941056251525879
9.994336128234863
9.07590389251709
8.442367553710938
7.670112133026123
7.878880023956299
8.847488403320312
8.292799949645996
8.285087585449219
7.715199947357178
7.350656032562256
7.726399898529053
7.628448009490967
7.345888137817383
7.334335803985596
6.774752140045166
8.612288475036621
9.266048431396484
8.132096290588379
7.4009599685668945
7.474592208862305
7.662399768829346
6.604000091552734
7.748000144958496
7.977280139923096
7.237472057342529
7.806879997253418
7.980607986450195
7.839200019836426
6.297056198120117
7.57151985168457
7.585696220397949
8.059552192687988
7.342976093292236
7.704512119293213
7.027135848999023
6.948031902313232
12.712767601013184
12.018943786621094
10.582719802856445
10.274592399597168
9.559807777404785
9.491519927978516
8.419391632080078
7.061952114105225
9.401375770568848
8.0731201171875
7.887872219085693
6.210847854614258
7.385791778564453
7.696767807006836
8.063008308410645
7.4912638664245605
8.011072158813477
7.1045122146606445
7.163839817047119
7.731488227844238
6.787424087524414
7.524447917938232
7.486048221588135
7.4733757972717285
7.254047870635986
8.10812759399414
8.041760444641113
8.935232162475586
8.649824142456055
8.832991600036621
9.539648056030273
9.774463653564453
9.77616024017334
7.389823913574219
6.83190393447876
6.8512959480285645
7.733407974243164
7.980639934539795
7.498784065246582
7.656928062438965
6.908927917480469
8.25113582611084
7.758592128753662
7.4535040855407715
7.839903831481934

Average: 8.114269766807556
