0.9476159811019897
1.1578880548477173
0.8634560108184814
1.1244479417800903
0.8379200100898743
1.0870720148086548
0.803712010383606
0.9429759979248047
0.8121920228004456
0.8742079734802246
0.7917439937591553
0.9105600118637085
0.9888960123062134
0.7538880109786987
0.9066879749298096
0.7643839716911316
0.8803840279579163
0.9911999702453613
0.765504002571106
0.9875199794769287
0.7180479764938354
0.876255989074707
0.8070719838142395
0.845408022403717
0.8219839930534363
0.8774719834327698
0.7604479789733887
0.8594880104064941
0.8221439719200134
0.7878400087356567
0.9773120284080505
0.8418880105018616
0.7622399926185608
1.0130879878997803
0.8027200102806091
0.9393280148506165
0.8208000063896179
1.0582400560379028
1.5283199548721313
0.9377920031547546
1.01692795753479
0.99372798204422
1.2497600317001343
0.8911679983139038
1.0767359733581543
0.936735987663269
1.0243200063705444
0.9386240243911743
1.191391944885254
0.8216320276260376
1.208832025527954
0.879967987537384
1.0612479448318481
0.8008959889411926
1.116960048675537
0.8756800293922424
0.9824960231781006
1.1707199811935425
0.8776320219039917
1.168511986732483
0.7120000123977661
1.0094399452209473
0.7202240228652954
1.034559965133667
0.7682560086250305
0.9090880155563354
0.7583039999008179
1.0001920461654663
0.9488000273704529
0.7545279860496521
0.9504320025444031
0.917087972164154
0.925599992275238
0.9897279739379883
0.7289599776268005
0.9193919897079468
0.7303680181503296
0.8896639943122864
0.816864013671875
0.8395519852638245
0.8522239923477173
0.8136000037193298
0.8424000144004822
0.8505280017852783
0.7585920095443726
0.9434559941291809
0.7856960296630859
0.9436799883842468
0.8180800080299377
0.9147520065307617
1.148319959640503
1.4603840112686157
0.7700480222702026
0.853056013584137
0.8046720027923584
0.9471679925918579
0.993183970451355
0.7624959945678711
0.9753280282020569
0.7981119751930237

Average: 0.9169292789697647
