2.5039680004119873
2.2511680126190186
2.5087039470672607
2.2459518909454346
2.223583936691284
2.2532799243927
2.128511905670166
2.2276480197906494
2.0988800525665283
2.205471992492676
2.4501121044158936
2.3047358989715576
2.6314239501953125
2.181504011154175
2.237152099609375
2.5124800205230713
2.376512050628662
2.19702410697937
2.1963839530944824
2.193376064300537
2.8811519145965576
2.0899839401245117
2.123807907104492
2.152735948562622
2.1657280921936035
2.433056116104126
2.1175999641418457
2.1100800037384033
2.886176109313965
1.9362560510635376
2.2640960216522217
2.2444159984588623
2.1786880493164062
1.9819519519805908
2.353247880935669
2.305471897125244
2.3189120292663574
2.4357120990753174
2.4677441120147705
2.345855951309204
2.448512077331543
2.419071912765503
2.2336320877075195
2.2525761127471924
2.36678409576416
2.3049919605255127
5.654463768005371
1.8834880590438843
2.3220479488372803
2.348383903503418
9.592927932739258
4.66860818862915
3.1258881092071533
4.626560211181641
2.4402880668640137
1.9876480102539062
2.1058239936828613
2.2672319412231445
2.15283203125
2.0862720012664795
2.2265920639038086
2.5624639987945557
2.2885758876800537
2.3665919303894043
2.341536045074463
2.5273919105529785
2.107487916946411
2.2806079387664795
2.083199977874756
2.1187520027160645
3.7774078845977783
2.218111991882324
2.2380480766296387
1.980031967163086
2.2268478870391846
2.149696111679077
2.0307838916778564
2.085376024246216
2.2086079120635986
2.1140799522399902
1.9948159456253052
2.294559955596924
2.4340479373931885
2.50927996635437
2.035327911376953
2.106368064880371
2.380352020263672
2.351936101913452
2.3304319381713867
2.350559949874878
2.3586559295654297
2.2799999713897705
2.0567679405212402
2.416127920150757
2.224384069442749
2.2223360538482666
2.0748159885406494
2.130687952041626
2.410399913787842
2.1453120708465576

Average: 2.4404793536663054
