2.370784044265747
2.998528003692627
2.3935039043426514
2.9542078971862793
2.3582398891448975
2.9720640182495117
2.4047679901123047
3.068063974380493
2.459872007369995
2.5539519786834717
2.6137919425964355
2.3832640647888184
2.841344118118286
2.3587520122528076
2.8904640674591064
2.297696113586426
2.846303939819336
2.3009281158447266
3.0346240997314453
2.310976028442383
2.987936019897461
2.2619519233703613
2.8456320762634277
2.278496026992798
3.6087679862976074
2.4411840438842773
2.943135976791382
2.411776065826416
2.774303913116455
2.3824000358581543
2.751199960708618
2.449023962020874
2.7668800354003906
3.0413761138916016
2.3496639728546143
2.899872064590454
2.375296115875244
2.8106560707092285
2.375135898590088
2.931040048599243
2.389535903930664
2.9176321029663086
2.4208641052246094
2.944256067276001
2.420639991760254
2.9870400428771973
2.485152006149292
2.5549120903015137
2.5114879608154297
2.512511968612671
2.7008960247039795
2.232383966445923
2.9988160133361816
2.3535680770874023
2.7810559272766113
2.304447889328003
2.80732798576355
2.3112640380859375
3.4418880939483643
2.3036160469055176
2.951296091079712
2.361056089401245
2.790208101272583
2.3918399810791016
2.8801279067993164
2.4120960235595703
2.9534718990325928
2.3497281074523926
2.7401599884033203
2.3175361156463623
2.9112958908081055
2.346303939819336
2.788831949234009
2.3166399002075195
2.789695978164673
2.3345279693603516
2.8348801136016846
2.3319358825683594
2.737823963165283
2.337631940841675
2.7860798835754395
2.295488119125366
2.7589759826660156
2.3672640323638916
2.82041597366333
2.300031900405884
2.804352045059204
2.297823905944824
2.7740800380706787
2.324415922164917
2.9023358821868896
2.3860158920288086
2.9373440742492676
2.3267838954925537
2.8445119857788086
2.320255994796753
2.8107519149780273
2.3337600231170654
3.020479917526245
2.3111679553985596

Average: 2.620765759944916
