1.7472319602966309
1.730847954750061
1.1913599967956543
1.5805120468139648
1.167904019355774
1.5608960390090942
1.3700159788131714
1.1441919803619385
1.6256639957427979
1.2216639518737793
1.494879961013794
1.1507200002670288
1.5765759944915771
1.1096320152282715
2.817375898361206
1.126304030418396
1.5789439678192139
1.1344319581985474
1.5889919996261597
1.1075520515441895
1.5914560556411743
1.174623966217041
1.5561599731445312
1.1625280380249023
1.545248031616211
1.1216319799423218
1.536895990371704
1.1472320556640625
1.5541759729385376
1.1165759563446045
1.5857919454574585
1.3041599988937378
1.825760006904602
1.2140799760818481
1.5936000347137451
1.205183982849121
1.5411200523376465
1.1575679779052734
1.5174399614334106
1.4436800479888916
1.857375979423523
1.139456033706665
1.5609920024871826
1.147744059562683
1.491871953010559
1.1899199485778809
1.506335973739624
1.168544054031372
1.6871039867401123
1.1993279457092285
1.5535680055618286
1.16048002243042
1.6438720226287842
1.1829440593719482
1.492959976196289
1.1666560173034668
1.568160057067871
1.210495948791504
1.5187840461730957
1.2271679639816284
1.5243200063705444
1.155295968055725
1.6325119733810425
1.1399680376052856
1.4295680522918701
1.2223680019378662
1.5395840406417847
1.2259199619293213
1.5319360494613647
1.4693759679794312
1.9923839569091797
1.8047679662704468
1.1396160125732422
1.5738879442214966
1.151487946510315
1.5756160020828247
1.1244479417800903
1.6393280029296875
1.1037119626998901
1.7547199726104736
1.1634559631347656
1.6157759428024292
1.1211520433425903
1.6296000480651855
1.1435519456863403
1.5266560316085815
1.159551978111267
1.6420799493789673
1.2171839475631714
1.6697920560836792
1.1402239799499512
1.6939200162887573
1.1109440326690674
1.5662720203399658
1.2831679582595825
1.4658880233764648
1.1407999992370605
1.5126399993896484
1.239583969116211
1.7113280296325684

Average: 1.4107875156402587
