1.6255680322647095
2.561408042907715
1.3328959941864014
1.419327974319458
1.4221440553665161
1.5703359842300415
1.8294719457626343
2.3915839195251465
1.672320008277893
1.4717119932174683
1.5730559825897217
1.3757439851760864
1.7268480062484741
1.8926080465316772
1.4344960451126099
1.9423999786376953
1.6278400421142578
1.508255958557129
1.8640960454940796
1.3615360260009766
1.7391040325164795
1.4054399728775024
2.1976959705352783
1.798143982887268
1.4489599466323853
1.2968319654464722
1.393056035041809
1.4787839651107788
1.2468479871749878
1.3763200044631958
1.4266239404678345
1.1677119731903076
1.5105279684066772
1.3729280233383179
1.3448959589004517
1.4956159591674805
2.0466880798339844
1.470304012298584
1.5327359437942505
1.3548799753189087
1.5808000564575195
1.3876479864120483
1.3529599905014038
1.5134079456329346
1.9019839763641357
1.8110400438308716
1.8297920227050781
2.549760103225708
1.5449919700622559
1.5235519409179688
1.492576003074646
2.388063907623291
1.7190719842910767
1.6932480335235596
1.7183040380477905
1.6348799467086792
1.614848017692566
1.492095947265625
1.5934079885482788
1.359328031539917
1.699455976486206
1.5762879848480225
2.0839359760284424
1.772096037864685
2.341599941253662
1.2831039428710938
1.3212480545043945
2.134335994720459
1.5147839784622192
1.5605759620666504
1.835584044456482
2.139967918395996
1.6489919424057007
1.3747199773788452
1.5191999673843384
1.5661120414733887
1.5030720233917236
1.723039984703064
1.2295680046081543
1.407039999961853
1.4526400566101074
1.38099205493927
1.431712031364441
1.4959039688110352
1.2079360485076904
1.788864016532898
1.534432053565979
1.4780479669570923
1.3120319843292236
1.4116480350494385
1.3075840473175049
1.4417279958724976
1.2188800573349
1.4539200067520142
1.3564480543136597
1.6184959411621094
1.668768048286438
1.4967679977416992
1.4268800020217896
1.6957119703292847

Average: 1.5982361578941344
