1.3453760147094727
1.6909120082855225
1.3709759712219238
1.848639965057373
1.4924479722976685
1.6826879978179932
1.6255359649658203
1.5325119495391846
1.5686399936676025
1.3939520120620728
1.5885759592056274
1.2364799976348877
1.8110400438308716
1.4495999813079834
1.8253439664840698
1.213696002960205
1.7828160524368286
1.3010239601135254
1.5589760541915894
1.4215359687805176
1.7289279699325562
1.320736050605774
1.6197760105133057
1.6681280136108398
1.3265279531478882
1.6577279567718506
1.5468159914016724
1.4569599628448486
1.431264042854309
1.3888959884643555
1.3906240463256836
1.7385920286178589
1.2157440185546875
1.7547199726104736
1.4243199825286865
1.476256012916565
1.2089279890060425
1.5848000049591064
1.3629120588302612
1.3931200504302979
1.2190719842910767
1.5599679946899414
1.1680959463119507
1.590880036354065
1.2940160036087036
1.900447964668274
1.2515840530395508
1.7751679420471191
1.263327956199646
1.9643839597702026
1.3364160060882568
1.891808032989502
1.3093760013580322
1.655616044998169
1.191424012184143
1.924288034439087
1.3515199422836304
1.583616018295288
1.4559359550476074
1.5026880502700806
1.3156800270080566
1.7833600044250488
1.281216025352478
1.7060480117797852
1.2708799839019775
1.8550080060958862
1.3850239515304565
1.5841280221939087
1.2523839473724365
1.692736029624939
1.396448016166687
1.6852480173110962
1.2593599557876587
1.6522879600524902
1.5022079944610596
1.2497279644012451
1.8110719919204712
1.4245760440826416
1.4008959531784058
1.45033597946167
1.9020800590515137
1.1635199785232544
1.5920000076293945
1.5709120035171509
1.8467199802398682
1.2065919637680054
1.5682239532470703
1.1619199514389038
1.5501760244369507
1.1361279487609863
1.9012160301208496
1.2203840017318726
1.5119999647140503
1.197983980178833
1.5007679462432861
1.2430720329284668
1.563423991203308
1.1969280242919922
1.5480639934539795
1.3767679929733276

Average: 1.495436795949936
