0.8879680037498474
1.1790080070495605
0.8605440258979797
0.9700800180435181
0.861024022102356
1.0611519813537598
0.8182399868965149
0.8896639943122864
0.8219519853591919
0.8142079710960388
0.9126399755477905
0.7919679880142212
0.8834559917449951
0.7946239709854126
0.8531200289726257
0.8081279993057251
0.822272002696991
1.0976639986038208
0.8299520015716553
0.9085119962692261
0.7815359830856323
0.787168025970459
0.8508480191230774
0.8392320275306702
0.7578240036964417
0.9191039800643921
0.7266560196876526
0.9076160192489624
0.8507199883460999
0.8479999899864197
0.7878720164299011
0.8305919766426086
0.8753600120544434
0.7755839824676514
1.1045119762420654
0.7881919741630554
0.8231359720230103
0.8809279799461365
0.7857279777526855
0.857375979423523
0.7967039942741394
0.8558719754219055
0.7743039727210999
0.7442240118980408
0.9274560213088989
0.7684159874916077
0.9621760249137878
0.810912013053894
0.8450239896774292
0.8056640028953552
0.7875840067863464
0.8597440123558044
0.8140159845352173
0.823199987411499
0.7969599962234497
0.8763200044631958
0.7822399735450745
0.7915199995040894
0.8797439932823181
0.8208000063896179
0.8270080089569092
0.8359040021896362
0.7877439856529236
0.7729600071907043
0.8856959939002991
0.7815359830856323
0.8768960237503052
0.7760000228881836
0.8623359799385071
0.8255680203437805
0.7806400060653687
0.8816959857940674
0.7682560086250305
1.09552001953125
0.8025280237197876
0.8595839738845825
0.8119680285453796
0.7840960025787354
0.9229440093040466
0.7995520234107971
0.8616960048675537
0.842464029788971
0.7841600179672241
0.7960000038146973
0.8541120290756226
0.7876799702644348
0.823360025882721
0.8625280261039734
0.7911679744720459
0.8967360258102417
0.8190079927444458
0.8278719782829285
0.7576959729194641
0.8687360286712646
0.7709760069847107
0.8600320219993591
0.7935360074043274
0.7787839770317078
0.875935971736908
0.776416003704071

Average: 0.8433436799049377
