1.5522559881210327
4.0240960121154785
3.6007680892944336
6.5709757804870605
3.323967933654785
4.952383995056152
3.9962239265441895
3.925600051879883
3.351775884628296
3.7432000637054443
3.437920093536377
3.1283841133117676
3.3391358852386475
3.2439041137695312
6.878176212310791
6.447199821472168
5.7202558517456055
3.557568073272705
3.2277119159698486
3.174527883529663
3.473184108734131
3.222656011581421
3.117824077606201
7.608928203582764
5.642911911010742
6.5950398445129395
5.023776054382324
4.495552062988281
5.024256229400635
5.704607963562012
5.7257280349731445
8.293824195861816
6.582143783569336
10.633055686950684
6.899231910705566
4.8363518714904785
7.0004801750183105
4.110623836517334
7.540319919586182
6.094719886779785
7.848447799682617
139.6760711669922
6.83897590637207
8.046208381652832
7.752511978149414
6.562848091125488
6.742464065551758
3.876960039138794
3.7105278968811035
5.014463901519775
5.483104228973389
4.490431785583496
2.8888320922851562
3.2063040733337402
3.063839912414551
8.02841567993164
4.356544017791748
6.288576126098633
4.32700777053833
5.545184135437012
7.357439994812012
6.944352149963379
4.251359939575195
3.8204801082611084
3.258784055709839
4.241856098175049
5.297183990478516
3.9445440769195557
3.311583995819092
3.710495948791504
2.9909119606018066
2.902048110961914
3.4637439250946045
3.431040048599243
3.2565760612487793
3.1738879680633545
3.2183680534362793
3.4508159160614014
3.3011200428009033
3.249408006668091
3.3252480030059814
3.1355841159820557
3.284287929534912
3.2476160526275635
9.303296089172363
5.076543807983398
8.979616165161133
6.037343978881836
4.861824035644531
4.32966423034668
4.719552040100098
4.564352035522461
3.8598721027374268
5.937600135803223
5.525887966156006
6.224127769470215
6.65283203125
4.633312225341797
4.8757758140563965
3.741919994354248

Average: 6.234612234830856
