2.366368055343628
2.1285760402679443
1.9265600442886353
2.1833600997924805
2.4653759002685547
2.1499838829040527
2.1140799522399902
2.1368000507354736
2.3758718967437744
2.195647954940796
2.4057600498199463
3.1294078826904297
3.151616096496582
2.3163199424743652
2.2913599014282227
2.5007998943328857
1.9841279983520508
2.5312960147857666
2.2864320278167725
2.129055976867676
2.2353599071502686
1.9875839948654175
1.9028480052947998
2.486272096633911
2.1550400257110596
2.6767361164093018
2.1838719844818115
4.127071857452393
2.1822400093078613
3.0440640449523926
2.2876479625701904
2.1941120624542236
5.623839855194092
2.23907208442688
2.4399681091308594
2.1318399906158447
2.1539199352264404
2.4817280769348145
1.756160020828247
2.3435840606689453
2.295680046081543
1.600000023841858
2.3905279636383057
2.2216639518737793
2.225152015686035
2.221440076828003
2.1508800983428955
2.0232961177825928
2.006495952606201
2.2502400875091553
2.418015956878662
1.9031360149383545
3.001471996307373
3.188512086868286
2.1362240314483643
2.227583885192871
2.036895990371704
2.323647975921631
1.840448021888733
2.8139519691467285
2.020159959793091
1.8657599687576294
2.0328640937805176
2.2529919147491455
2.1727681159973145
2.722656011581421
2.0795838832855225
3.154207944869995
2.1313281059265137
1.7137919664382935
2.1698880195617676
2.32425594329834
1.9528640508651733
2.9026238918304443
2.4130239486694336
2.7896320819854736
3.2319679260253906
1.940991997718811
2.3669440746307373
2.1122560501098633
10.773344039916992
3.4379520416259766
4.915040016174316
2.66048002243042
2.311232089996338
1.7085440158843994
2.4224319458007812
1.9476159811019897
2.121151924133301
2.645695924758911
2.186624050140381
2.0322558879852295
2.0748798847198486
2.060352087020874
2.5202560424804688
2.8566079139709473
2.7365119457244873
1.6187200546264648
2.2217600345611572
2.1524479389190674

Average: 2.464314879179001
