3.3699519634246826
3.810015916824341
3.673952102661133
3.0415360927581787
3.419424057006836
3.3820159435272217
3.4409921169281006
3.3799679279327393
3.1467840671539307
4.19593620300293
3.841279983520508
4.122015953063965
3.6934399604797363
3.702176094055176
3.4390718936920166
11.670368194580078
3.4025280475616455
3.2497920989990234
3.2454400062561035
3.2125439643859863
3.358016014099121
3.4198720455169678
3.416735887527466
3.248415946960449
3.0457921028137207
3.4323840141296387
3.418207883834839
3.1224000453948975
3.3643200397491455
3.2713921070098877
3.579040050506592
3.506432056427002
3.133568048477173
3.3781440258026123
3.4348480701446533
3.277951955795288
3.073791980743408
3.2406399250030518
3.376255989074707
3.2699520587921143
3.6410880088806152
3.2648000717163086
4.503200054168701
4.3751678466796875
11.735967636108398
7.070720195770264
5.882719993591309
3.715712070465088
3.69814395904541
5.09065580368042
5.099743843078613
3.484384059906006
3.6391360759735107
3.978912115097046
3.693279981613159
3.42521595954895
3.072927951812744
3.364000082015991
3.4102399349212646
3.1210880279541016
3.203007936477661
3.236191987991333
3.6055359840393066
8.883744239807129
3.5233919620513916
3.5015039443969727
3.972127914428711
4.090047836303711
3.9477438926696777
4.085792064666748
4.338208198547363
3.517119884490967
3.8175039291381836
3.432255983352661
3.229504108428955
3.266335964202881
3.42956805229187
3.8815999031066895
3.6103360652923584
3.8032000064849854
3.7958080768585205
3.497375965118408
3.7810559272766113
3.360192060470581
3.7995200157165527
3.649280071258545
3.776063919067383
4.01254415512085
4.03334379196167
3.0608320236206055
3.376960039138794
3.4277119636535645
3.079360008239746
3.098367929458618
3.317471981048584
3.5848639011383057
3.2419519424438477
3.3120639324188232
2.98089599609375
3.2392001152038574

Average: 3.8187408018112183
