3.52675199508667
3.509727954864502
3.488863945007324
3.5265278816223145
2.3743679523468018
2.3870720863342285
2.3793599605560303
2.3591361045837402
2.3544321060180664
2.3993279933929443
2.368607997894287
2.358527898788452
2.353663921356201
2.289088010787964
2.347327947616577
2.2835841178894043
2.372960090637207
2.3429760932922363
2.3472959995269775
2.351167917251587
2.3412160873413086
2.3742079734802246
2.3497281074523926
2.342463970184326
2.3548479080200195
2.3418240547180176
2.354016065597534
2.366208076477051
2.34934401512146
2.3420801162719727
2.3478400707244873
2.3613440990448
2.3505918979644775
2.339103937149048
2.344223976135254
2.344736099243164
2.3564159870147705
2.35532808303833
2.3438398838043213
2.345599889755249
2.3501439094543457
2.3518080711364746
2.359424114227295
2.3395841121673584
2.3467841148376465
2.349440097808838
2.3519999980926514
2.3485119342803955
2.3458240032196045
2.34879994392395
2.352031946182251
2.339616060256958
2.3457279205322266
2.3530240058898926
2.3504319190979004
2.3480000495910645
2.3479039669036865
2.34550404548645
2.3481600284576416
2.352447986602783
2.349951982498169
2.3438079357147217
2.3473920822143555
2.350752115249634
2.351423978805542
2.3468799591064453
2.360543966293335
2.3115200996398926
2.239232063293457
2.2446720600128174
2.24454402923584
2.242624044418335
2.226111888885498
2.2430078983306885
2.230560064315796
2.232448101043701
2.2383999824523926
2.297247886657715
2.2474560737609863
2.2483839988708496
2.237407922744751
2.2376959323883057
2.2356479167938232
2.241152048110962
2.240447998046875
2.2399680614471436
2.2344961166381836
2.2386560440063477
2.234528064727783
2.2503039836883545
2.234879970550537
2.271775960922241
2.2467520236968994
2.238784074783325
2.240544080734253
2.2336320877075195
2.2377281188964844
2.2306559085845947
2.2378880977630615
2.234272003173828

Average: 2.361950731277466
