1.1268479824066162
1.1022720336914062
1.1289600133895874
1.0911040306091309
1.0895040035247803
1.1392639875411987
1.0803200006484985
1.0851839780807495
1.0839680433273315
1.0920640230178833
1.0811519622802734
1.0776640176773071
1.24726402759552
1.102944016456604
1.0806080102920532
1.074463963508606
1.0834239721298218
1.0736000537872314
1.0770879983901978
1.1172800064086914
1.1070079803466797
1.0837759971618652
1.0850880146026611
1.0941439867019653
1.0851199626922607
1.0763200521469116
1.0735360383987427
1.0780479907989502
1.0730880498886108
1.0730880498886108
1.0988800525665283
1.076640009880066
1.0727039575576782
1.0739519596099854
1.0958720445632935
1.0704319477081299
1.0728319883346558
1.080288052558899
1.0875519514083862
1.0734399557113647
1.0739200115203857
1.094048023223877
1.07532799243927
1.0756800174713135
1.075808048248291
1.0940159559249878
1.0742080211639404
1.0731199979782104
1.090175986289978
1.0759680271148682
1.072160005569458
1.0729279518127441
1.0781760215759277
1.0773439407348633
1.0744320154190063
1.0974719524383545
1.084447979927063
1.0704319477081299
1.0702719688415527
1.0727360248565674
1.0748159885406494
1.1313600540161133
1.0738240480422974
1.0958399772644043
1.0760960578918457
1.0721919536590576
1.0909440517425537
1.0706239938735962
1.0676159858703613
1.0735039710998535
1.0748480558395386
1.0745600461959839
1.0736960172653198
1.0954240560531616
1.0868480205535889
1.0715839862823486
1.0726720094680786
1.0720640420913696
1.0703359842300415
1.075711965560913
1.0720000267028809
1.095136046409607
1.073855996131897
1.0705920457839966
1.094815969467163
1.0711679458618164
1.071455955505371
1.0652159452438354
1.077888011932373
1.0742720365524292
1.0682560205459595
1.1019519567489624
1.0933120250701904
1.0911999940872192
1.070688009262085
1.0717439651489258
1.0686719417572021
1.0780160427093506
1.0758719444274902
1.0781760215759277

Average: 1.0839830422401429
