1.552191972732544
1.5379199981689453
1.4766080379486084
1.4565759897232056
1.491711974143982
1.471168041229248
1.4103679656982422
1.4102400541305542
1.4652800559997559
1.513375997543335
1.4976320266723633
1.4616639614105225
1.4804160594940186
1.4791040420532227
1.4555840492248535
1.4606720209121704
1.5144000053405762
1.4627840518951416
1.4094079732894897
1.4568959474563599
1.5408320426940918
1.4701759815216064
1.459007978439331
1.4595520496368408
1.4576959609985352
1.514240026473999
1.454848051071167
1.5138239860534668
1.5450559854507446
1.521183967590332
1.4484479427337646
1.45033597946167
1.4482879638671875
1.4449280500411987
1.444991946220398
1.4452799558639526
1.5149439573287964
1.4425920248031616
1.5039039850234985
1.5113919973373413
1.5018240213394165
1.402143955230713
1.4038399457931519
1.4456000328063965
1.4552960395812988
1.449504017829895
1.5099200010299683
1.4487359523773193
1.4505599737167358
1.4448959827423096
1.447327971458435
1.449023962020874
1.509503960609436
1.4509119987487793
1.4557759761810303
1.4419519901275635
1.439520001411438
1.3960319757461548
1.446336030960083
1.4457600116729736
1.4422719478607178
1.4490879774093628
1.4421119689941406
1.4536000490188599
1.5079679489135742
1.5064640045166016
1.446943998336792
1.4448959827423096
1.51254403591156
1.4459840059280396
1.4623359441757202
1.4078079462051392
1.4445760250091553
1.4463039636611938
1.5096640586853027
1.4486080408096313
1.44051194190979
1.4525439739227295
1.513535976409912
1.5206719636917114
1.3976960182189941
1.441215991973877
1.4480960369110107
1.4467840194702148
1.443519949913025
1.3995200395584106
1.445855975151062
1.4470720291137695
1.4553279876708984
1.5016000270843506
1.397439956665039
1.4499520063400269
1.4520319700241089
1.4513599872589111
1.44268798828125
1.449023962020874
1.5123519897460938
1.4518400430679321
1.5046080350875854
1.3922879695892334

Average: 1.462786875963211
