7.999040126800537
1836.4925537109375
6.776480197906494
6.518976211547852
11.445119857788086
10.304991722106934
5.834943771362305
6.047455787658691
5.69974422454834
6.449312210083008
10.188960075378418
8.362848281860352
6.093152046203613
5.871007919311523
499.6622009277344
5.877056121826172
7.8284478187561035
5.958752155303955
5.879583835601807
6.455999851226807
6.031455993652344
6.461728096008301
6.7781758308410645
6.276895999908447
6.275199890136719
5.928895950317383
6.248064041137695
5.906688213348389
8.038975715637207
6.673600196838379
6.14899206161499
5.727327823638916
6.566592216491699
6.510144233703613
6.838208198547363
5.762207984924316
7.470431804656982
5.666143894195557
8.151968002319336
9.268223762512207
6.1141438484191895
6.673664093017578
6.076416015625
6.079648017883301
8.787679672241211
7.013376235961914
6.639167785644531
5.6927361488342285
6.580287933349609
5.901631832122803
11.34665584564209
5.909503936767578
6.217440128326416
5.861087799072266
6.805791854858398
9.726911544799805
6.672192096710205
6.340735912322998
6.68671989440918
6.039391994476318
8.869536399841309
6.113664150238037
6.360576152801514
18.485279083251953
7.624800205230713
6.125984191894531
7.423871994018555
5.759967803955078
8.302176475524902
9.523648262023926
6.304736137390137
5.7961602210998535
5.727007865905762
5.758944034576416
6.975808143615723
9.32307243347168
6.670495986938477
6.706111907958984
6.706079959869385
5.935328006744385
6.167263984680176
11.991231918334961
11.477215766906738
12.066176414489746
7.648159980773926
46.317440032958984
9.801312446594238
5.777919769287109
47.45542526245117
5.788671970367432
5.5676798820495605
5.631968021392822
9.627424240112305
6.837120056152344
6.174208164215088
6.085216045379639
6.167776107788086
6.098336219787598
8.958239555358887
6.631743907928467

Average: 31.18405508518219
