5724.96240234375
5.265823841094971
45.58870315551758
5.736415863037109
57.02937698364258
5.802879810333252
5.447807788848877
776.1591186523438
5.269120216369629
5.875807762145996
6.648960113525391
2924.5751953125
5.553696155548096
5.5411200523376465
4.909503936767578
6.239039897918701
6.147424221038818
5.922719955444336
6.031231880187988
5.522592067718506
6.013343811035156
6.041600227355957
6.271872043609619
5.641600131988525
6.0274882316589355
5.941376209259033
42.9804801940918
7.004703998565674
6.3172478675842285
8.779840469360352
12.886943817138672
5.054783821105957
5.769599914550781
5.077663898468018
5.056608200073242
6.194047927856445
8.136287689208984
45.9700813293457
5.860576152801514
1501.9986572265625
177.36679077148438
5.045951843261719
5.6091837882995605
5.517312049865723
42.593727111816406
5.2782721519470215
6.837823867797852
6.1005120277404785
5.587264060974121
5.185311794281006
5.233407974243164
4.826560020446777
5.070303916931152
5.064288139343262
6.249567985534668
5.228511810302734
5.204031944274902
5.373280048370361
5.180704116821289
5.191616058349609
5.555200099945068
12.258367538452148
5.39788818359375
5.339392185211182
4.805568218231201
5.6593918800354
4.912384033203125
6.306399822235107
5.223616123199463
5.108831882476807
7.175392150878906
5.408927917480469
5.17190408706665
5.4655680656433105
4.9113922119140625
6.351039886474609
5.742432117462158
6.056640148162842
7.014495849609375
5.287263870239258
264.5463562011719
7.352735996246338
5.403456211090088
5.437952041625977
4.954463958740234
5.2873921394348145
4.713088035583496
4.967584133148193
5.050432205200195
5.170432090759277
6.072351932525635
5.3272318840026855
4.89302396774292
4.976064205169678
4.7669758796691895
6.002624034881592
608.1753540039062
5.407264232635498
4.962399959564209
5.027359962463379

Average: 127.22644804000855
