0.7502080202102661
0.8268799781799316
1.0055359601974487
0.7192320227622986
0.7217599749565125
0.7149440050125122
0.7558079957962036
0.7155200242996216
0.7161279916763306
0.718176007270813
0.7172480225563049
0.7353600263595581
0.733568012714386
0.7131839990615845
0.718559980392456
0.7138559818267822
0.7159039974212646
0.7228479981422424
0.7135040163993835
0.7163519859313965
0.7181119918823242
0.7121599912643433
0.7506240010261536
0.7104640007019043
0.716480016708374
0.7117440104484558
0.7174080014228821
0.7200639843940735
0.7098240256309509
0.7145280241966248
0.7154240012168884
0.7169920206069946
0.715008020401001
0.7543039917945862
0.7133439779281616
0.7157120108604431
0.7174720168113708
0.7152320146560669
0.7256960272789001
0.7121599912643433
0.7131519913673401
0.716159999370575
0.7155839800834656
0.7161920070648193
0.7141119837760925
0.7091839909553528
0.7154880166053772
0.7132800221443176
0.7166079878807068
0.7232319712638855
0.7148159742355347
0.7143359780311584
0.7162240147590637
0.7163199782371521
0.7182080149650574
0.7171840071678162
0.7182719707489014
0.7152640223503113
0.7167040109634399
0.7215999960899353
0.715008020401001
0.7146880030632019
0.7120000123977661
0.7125759720802307
0.719103991985321
0.725055992603302
0.7154880166053772
0.7093759775161743
0.7158079743385315
0.711359977722168
0.7311679720878601
0.7150400280952454
0.7130879759788513
0.7148159742355347
0.7154240012168884
0.7203840017318726
0.7160000205039978
0.7166079878807068
0.7092159986495972
0.7157760262489319
0.7137920260429382
0.716159999370575
0.7174080014228821
0.7121919989585876
0.7129920125007629
0.7126079797744751
0.7161920070648193
0.7185279726982117
0.7146880030632019
0.7104319930076599
0.7167040109634399
0.7160320281982422
0.7253119945526123
0.7118399739265442
0.7129600048065186
0.7138559818267822
0.7142400145530701
0.7206079959869385
0.7155839800834656
0.7160639762878418

Average: 0.7217542392015457
