1.9777599573135376
1.7509759664535522
1.770143985748291
1.9559359550476074
1.7109119892120361
1.6734720468521118
1.6815999746322632
1.6647039651870728
1.645535945892334
1.6575039625167847
1.6414079666137695
1.5851199626922607
1.6975359916687012
1.5875200033187866
1.591264009475708
1.6346559524536133
1.5695359706878662
1.6138880252838135
1.9855999946594238
2.2517120838165283
2.0209600925445557
1.891808032989502
1.726464033126831
1.601248025894165
1.642624020576477
1.5767680406570435
1.5554560422897339
1.6040639877319336
1.7645440101623535
1.8322559595108032
1.8619840145111084
1.902016043663025
1.9162559509277344
1.7690240144729614
1.849503993988037
1.8889919519424438
2.3505918979644775
1.8385599851608276
1.8373759984970093
1.718559980392456
1.692512035369873
1.666592001914978
1.7208960056304932
1.5647679567337036
1.7874239683151245
1.6997120380401611
2.578239917755127
2.391808032989502
1.6621119976043701
1.6297919750213623
1.6151039600372314
1.5960960388183594
1.6201599836349487
1.6520960330963135
1.6096960306167603
1.6192959547042847
1.6257599592208862
1.5363839864730835
1.6886719465255737
1.702239990234375
1.5840320587158203
1.6284480094909668
1.5820800065994263
2.1632959842681885
1.9230079650878906
1.8839679956436157
1.8850560188293457
1.8306879997253418
1.9335999488830566
1.7086399793624878
1.9454400539398193
1.7064319849014282
1.6709439754486084
1.8211519718170166
1.6266239881515503
1.6157439947128296
1.5953919887542725
1.5644479990005493
1.6342079639434814
1.6313600540161133
1.6586560010910034
1.5849599838256836
1.657696008682251
1.5886720418930054
1.619104027748108
1.7222720384597778
1.6854079961776733
1.7824000120162964
1.628864049911499
1.8210560083389282
1.6885440349578857
1.7229440212249756
1.7403520345687866
1.613152027130127
1.7475199699401855
1.6079679727554321
1.6436799764633179
1.5871679782867432
1.5282880067825317
1.6391040086746216

Average: 1.7365756773948668
