7.964000225067139
7.825088024139404
7.711167812347412
7.702943801879883
7.666431903839111
7.613056182861328
7.721312046051025
7.570335865020752
7.712543964385986
7.726304054260254
7.692255973815918
7.655231952667236
7.698207855224609
7.662847995758057
7.677343845367432
7.709536075592041
7.764927864074707
7.709695816040039
7.771488189697266
7.754752159118652
7.823008060455322
7.6881279945373535
7.763904094696045
7.775487899780273
7.071807861328125
7.036863803863525
7.042367935180664
7.035264015197754
6.931903839111328
7.004767894744873
7.007552146911621
7.009759902954102
6.9402241706848145
6.957824230194092
7.0221757888793945
7.001344203948975
7.000895977020264
6.918176174163818
6.9593281745910645
6.967552185058594
7.012224197387695
6.924448013305664
6.9784321784973145
6.963583946228027
6.998335838317871
6.932159900665283
6.960224151611328
6.949120044708252
7.009183883666992
6.882976055145264
6.990975856781006
6.962592124938965
7.006656169891357
6.902527809143066
7.006336212158203
6.990848064422607
6.99132776260376
6.908192157745361
6.945631980895996
6.993504047393799
6.966976165771484
6.9576640129089355
6.906335830688477
7.000927925109863
7.009632110595703
6.916224002838135
6.946976184844971
6.989344120025635
6.94214391708374
6.860544204711914
7.06492805480957
7.071040153503418
7.02185583114624
7.012735843658447
7.0049920082092285
7.03059196472168
7.120895862579346
7.0029120445251465
7.028800010681152
7.055935859680176
7.051424026489258
7.013855934143066
7.040863990783691
7.064352035522461
7.0415358543396
7.008096218109131
6.990367889404297
7.006688117980957
7.033728122711182
7.100160121917725
6.993567943572998
7.066751956939697
7.0141119956970215
7.033472061157227
6.9648637771606445
6.997312068939209
7.103263854980469
6.993152141571045
7.0452799797058105
6.980192184448242

Average: 7.170315847396851
