13.30016040802002
13.170528411865234
10.18883228302002
13.1812162399292
11.382399559020996
9.47488021850586
10.00864028930664
9.82038402557373
9.246527671813965
9.545760154724121
9.04860782623291
9.37161636352539
9.32595157623291
9.230208396911621
9.076064109802246
9.361760139465332
10.017024040222168
11.12019157409668
10.042336463928223
10.136159896850586
27.538911819458008
10.06828784942627
167.01983642578125
9.531423568725586
1483.6585693359375
10.164416313171387
934.3855590820312
9.788352012634277
9.288031578063965
1272.5013427734375
3621.8466796875
9.448575973510742
16.951168060302734
9.279744148254395
9.13593578338623
11.16755199432373
708.21923828125
21.840063095092773
9.62889575958252
11.062623977661133
9.954848289489746
1453.87646484375
974.0040283203125
1833.8897705078125
10.865344047546387
9.257984161376953
9.448384284973145
12.097567558288574
10.723615646362305
10.106111526489258
376.1929931640625
565.3236083984375
1148.0928955078125
12.457056045532227
9.410719871520996
9.826848030090332
9.14031982421875
9.750432014465332
10.213664054870605
9.243616104125977
9.730624198913574
1607.7459716796875
9.991392135620117
3949.129150390625
9.369343757629395
552.3193969726562
9.94870376586914
10.225536346435547
33.86617660522461
17.229888916015625
1133.88232421875
10.195712089538574
9.937984466552734
9.692768096923828
9.984000205993652
9.571167945861816
9.710623741149902
22.326656341552734
9.611424446105957
1259.87353515625
9.691391944885254
10.478303909301758
9.69206428527832
10.026592254638672
9.567935943603516
21.814655303955078
50.95132827758789
10.956480026245117
285.856689453125
9.541952133178711
9.998047828674316
11.819040298461914
9.223296165466309
653.702392578125
10.210975646972656
1312.8380126953125
10.654848098754883
10.981568336486816
9.814496040344238
10.240799903869629

Average: 262.3485398197174
