2.7966721057891846
2.789184093475342
2.7520320415496826
3.0640320777893066
2.7583041191101074
3.321887969970703
2.721247911453247
2.780319929122925
2.7678720951080322
3.299488067626953
2.9002559185028076
2.707711935043335
2.7471039295196533
2.626784086227417
2.813663959503174
2.617055892944336
4.502240180969238
2.6005759239196777
2.6760001182556152
2.6545279026031494
2.719775915145874
2.68176007270813
2.673952102661133
2.6793599128723145
2.6643519401550293
2.6815359592437744
2.6628479957580566
2.671135902404785
2.75711989402771
2.7177600860595703
2.9223361015319824
2.9656639099121094
2.7732160091400146
2.762399911880493
2.673408031463623
2.72544002532959
2.6638400554656982
2.680095911026001
2.647711992263794
2.680608034133911
2.6197121143341064
2.616544008255005
2.6661438941955566
2.6572799682617188
2.9542078971862793
2.711199998855591
2.678719997406006
2.6759040355682373
2.6757121086120605
2.6851840019226074
2.642496109008789
2.756063938140869
2.6934399604797363
2.7541439533233643
2.7182400226593018
3.75711989402771
3.3044800758361816
2.844896078109741
2.6944639682769775
2.785088062286377
2.695359945297241
2.6579840183258057
2.710207939147949
2.639456033706665
2.669055938720703
2.7005441188812256
2.6935040950775146
2.6706559658050537
2.705120086669922
2.711008071899414
2.784127950668335
2.814879894256592
2.735743999481201
2.7055680751800537
2.720288038253784
2.7083520889282227
2.651007890701294
2.6779839992523193
2.807584047317505
2.6842238903045654
2.7556800842285156
2.9245119094848633
2.7297279834747314
2.683232069015503
2.7560319900512695
2.7977280616760254
2.6878719329833984
2.6722559928894043
2.750175952911377
2.623039960861206
2.641024112701416
2.633984088897705
2.628063917160034
2.65449595451355
2.670367956161499
2.6063039302825928
2.627135992050171
2.795743942260742
2.8744640350341797
2.8392319679260254

Average: 2.766860480308533
