3307.036376953125
17.62348747253418
2200.82470703125
631.1617431640625
22.369888305664062
16.4901123046875
579.9777221679688
356.05908203125
52.48723220825195
1457.516845703125
56.472862243652344
17.66771125793457
388.8725891113281
17.039199829101562
945.972900390625
54.85171127319336
163.3858184814453
53.068511962890625
18.367488861083984
18.293567657470703
55.45926284790039
72.93257904052734
17.48700714111328
16.968063354492188
59.414241790771484
16.704864501953125
16.666303634643555
16.052352905273438
436.60003662109375
23.862655639648438
18.729055404663086
18.53468894958496
21.32806396484375
38.67491149902344
499.7951965332031
22.854463577270508
3903.5732421875
19.619680404663086
19.58576011657715
23.526559829711914
16.91107177734375
17.80508804321289
57.52511978149414
25.56083106994629
21.746047973632812
17.356576919555664
17.74457550048828
21.72211265563965
1571.821044921875
1447.9539794921875
17.017311096191406
56.58268737792969
19.66326332092285
20.073759078979492
19.786720275878906
57.285823822021484
18.168960571289062
261.33990478515625
20.587263107299805
17.75052833557129
16.02297592163086
3864.86669921875
56.8067512512207
17.339839935302734
59.39788818359375
19.572799682617188
3894.736083984375
18.599775314331055
17.423744201660156
16.388704299926758
16.739551544189453
44.59388732910156
15.740896224975586
15.505248069763184
15.871040344238281
21.830720901489258
64.951904296875
57.408512115478516
23.107040405273438
519.50146484375
3238.981201171875
2215.888916015625
1529.2060546875
15.7708158493042
16.674272537231445
61.179264068603516
15.781023979187012
203.37017822265625
15.70143985748291
57.629920959472656
52.87334442138672
16.553375244140625
17.23299217224121
18.653120040893555
868.3910522460938
1303.0606689453125
1419.4957275390625
17.02547264099121
17.689504623413086
56.63692855834961

Average: 393.52512020111084
