2.2036800384521484
2.1997759342193604
2.17574405670166
2.833087921142578
2.5571839809417725
2.24947190284729
2.133375883102417
2.1124799251556396
2.1645119190216064
2.140608072280884
2.128000020980835
2.140223979949951
2.14083194732666
2.100192070007324
2.0682239532470703
2.093791961669922
2.064608097076416
2.080064058303833
2.1461760997772217
2.0576319694519043
2.0862081050872803
2.066783905029297
2.0706241130828857
2.130239963531494
2.0844480991363525
2.06876802444458
2.0661439895629883
2.055392026901245
2.0680959224700928
2.129024028778076
2.4993278980255127
2.052992105484009
2.088992118835449
2.2137598991394043
2.0407679080963135
2.0759360790252686
2.1868159770965576
2.104703903198242
2.0758399963378906
2.053215980529785
2.3899199962615967
2.1073598861694336
2.0773439407348633
2.0788159370422363
2.0461440086364746
2.0550079345703125
2.0413761138916016
2.2709760665893555
2.0681920051574707
2.0828800201416016
2.1174399852752686
2.0849599838256836
2.0724480152130127
2.0738561153411865
2.097248077392578
2.011904001235962
2.0301759243011475
2.3327999114990234
2.0579519271850586
2.0758399963378906
2.0342400074005127
2.027103900909424
2.0412800312042236
2.209791898727417
2.046560049057007
2.2064321041107178
2.1793599128723145
2.171168088912964
2.128159999847412
2.127392053604126
2.1294400691986084
2.165760040283203
2.079648017883301
2.0587520599365234
2.405503988265991
2.084223985671997
2.0587520599365234
2.107487916946411
2.1518399715423584
2.0744640827178955
2.105151891708374
2.1206400394439697
2.115679979324341
2.050816059112549
2.0739519596099854
2.3383679389953613
2.110624074935913
2.4498560428619385
2.142335891723633
2.294464111328125
2.089024066925049
2.114016056060791
2.0779199600219727
2.108288049697876
2.134335994720459
2.087712049484253
2.0793280601501465
2.140064001083374
2.1596479415893555
2.1157760620117188

Average: 2.135757441520691
