475.89459228515625
48.29875183105469
2798.869384765625
2798.2353515625
1397.24609375
50.324703216552734
487.89227294921875
21.34217643737793
2028.1978759765625
20.14214324951172
779.9168090820312
28.75868797302246
22.89187240600586
96.79414367675781
957.29443359375
2253.39453125
837.1725463867188
428.7521667480469
25.944128036499023
15.821887969970703
16.177824020385742
888.075439453125
20.604511260986328
281.4756774902344
27.739423751831055
164.3219451904297
56.35619354248047
658.3306274414062
4866.9345703125
4677.43017578125
1563.1861572265625
19.901952743530273
26.513504028320312
52.410465240478516
751.0643920898438
294.8399658203125
245.1596221923828
27.457984924316406
25.26233673095703
34.84864044189453
26.265087127685547
433.25872802734375
27.41529655456543
1344.387939453125
329.3463439941406
1133.2567138671875
64.75440216064453
1768.704345703125
339.6959228515625
27.29964828491211
20.82486343383789
60.05984115600586
21.6428165435791
4375.912109375
1574.469482421875
53.538177490234375
1046.6595458984375
214.38316345214844
7795.1435546875
237.55030822753906
5360.0576171875
20.5467529296875
179.00892639160156
49.31039810180664
16.203392028808594
32.89411163330078
76.30867004394531
60.91017532348633
70.53398132324219
926.0989990234375
25.570751190185547
584.7083129882812
27.12131118774414
25.190399169921875
2942.5439453125
963.89111328125
1291.23046875
455.56085205078125
45.88515090942383
2814.40185546875
187.03240966796875
2522.3115234375
16.61382484436035
557.2561645507812
2622.76513671875
22.43459129333496
2347.884033203125
718.0595703125
28.206464767456055
618.2587280273438
93.79682922363281
210.1196746826172
19.03593635559082
672.93505859375
17.392959594726562
18.769376754760742
23.461183547973633
451.42364501953125
2927.943603515625
1110.9647216796875

Average: 823.2048687362671
