2.106656074523926
2.080575942993164
2.013983964920044
1.977504014968872
1.9849599599838257
1.9875839948654175
1.941823959350586
1.9039039611816406
1.9704639911651611
1.9616639614105225
1.970687985420227
2.010751962661743
1.9877439737319946
1.9648640155792236
2.5130879878997803
1.9349119663238525
1.945472002029419
1.9719040393829346
1.9434880018234253
2.4718079566955566
1.909440040588379
1.948415994644165
1.9059840440750122
1.9425920248031616
1.9943039417266846
1.973695993423462
1.8881280422210693
1.9595199823379517
1.9411200284957886
1.9478720426559448
1.9368319511413574
1.9414080381393433
1.862112045288086
1.9627840518951416
1.909824013710022
1.9031360149383545
1.9253120422363281
1.9517760276794434
1.9601919651031494
1.9415359497070312
1.90447998046875
1.9169600009918213
1.9538559913635254
1.9168959856033325
2.467616081237793
1.9017280340194702
1.8891839981079102
1.9076160192489624
1.921504020690918
1.9326720237731934
1.8909759521484375
1.9170559644699097
1.9341440200805664
1.9477119445800781
1.9041279554367065
1.8945599794387817
1.9571199417114258
1.8931200504302979
1.9632320404052734
1.9209920167922974
1.954751968383789
1.9046720266342163
1.9190399646759033
1.9383039474487305
1.917855978012085
2.4119999408721924
1.958143949508667
1.8668479919433594
1.9368319511413574
1.9587199687957764
1.917855978012085
1.9231359958648682
1.9453120231628418
1.9227839708328247
1.9247679710388184
1.939520001411438
1.9259840250015259
1.9372479915618896
1.9381760358810425
1.9055039882659912
1.9109760522842407
1.8581759929656982
1.9060800075531006
2.3822720050811768
1.8941760063171387
1.936959981918335
1.9542399644851685
2.4048640727996826
1.9237760305404663
1.9431359767913818
1.9343359470367432
1.9407360553741455
1.9608639478683472
1.9247360229492188
1.9332159757614136
1.9366079568862915
1.9909440279006958
1.9478399753570557
1.8927680253982544
1.9067840576171875

Average: 1.9681631970405578
