5.40447998046875
2.7910079956054688
2.7487359046936035
2.7216639518737793
2.738719940185547
2.751391887664795
2.740447998046875
2.702176094055176
2.7541439533233643
3.4079039096832275
2.6987199783325195
2.7149760723114014
2.76528000831604
2.72489595413208
2.6833600997924805
2.7512640953063965
2.6795198917388916
2.6583681106567383
2.715775966644287
2.7274560928344727
2.726720094680786
2.6950719356536865
2.698080062866211
2.7349441051483154
2.675168037414551
3.0136001110076904
2.751904010772705
2.675391912460327
2.7126400470733643
2.721503973007202
2.6430399417877197
2.7001919746398926
2.6919360160827637
2.7009599208831787
2.7031359672546387
2.6868479251861572
2.745120048522949
2.666559934616089
2.8967039585113525
2.7530879974365234
2.7183361053466797
2.8874878883361816
2.8725759983062744
2.9701759815216064
2.7108800411224365
2.6733438968658447
2.7442879676818848
2.700576066970825
2.7003519535064697
2.7292160987854004
2.6801600456237793
2.7004799842834473
2.7732160091400146
2.6903040409088135
3.0794880390167236
2.744352102279663
2.704767942428589
2.773279905319214
2.981503963470459
2.749216079711914
2.6612160205841064
2.670624017715454
2.6823360919952393
2.6234560012817383
2.6720640659332275
2.695296049118042
3.1913599967956543
2.6868159770965576
2.6986238956451416
2.683903932571411
2.773792028427124
2.8533120155334473
2.7792000770568848
2.6759040355682373
3.0961599349975586
2.657248020172119
2.688416004180908
2.6339199542999268
2.6880640983581543
2.762592077255249
2.669503927230835
2.7119040489196777
2.722656011581421
2.633568048477173
2.6606080532073975
2.678015947341919
2.657792091369629
2.729151964187622
2.9484479427337646
2.6883199214935303
2.8568320274353027
2.7314560413360596
2.7485439777374268
2.683072090148926
2.6527678966522217
2.7458560466766357
2.6553280353546143
2.711616039276123
2.6748158931732178
3.088736057281494

Average: 2.7758019232749938
