2812.94970703125
58.714942932128906
19.42915153503418
1007.4202270507812
31.921056747436523
868.2294311523438
2290.7685546875
24.746976852416992
21.45452880859375
27.43471908569336
22.386655807495117
23.92412757873535
17.568544387817383
20.459903717041016
18.664255142211914
17.183679580688477
422.3679504394531
73.17577362060547
565.9404907226562
37.44131088256836
3931.150146484375
36.85270309448242
42.89875030517578
65.71142578125
58.64777755737305
60.85356903076172
73.58672332763672
33.92969512939453
61.6333122253418
18.838783264160156
30.129215240478516
77.06086730957031
31.9017276763916
22.204896926879883
59.776798248291016
24.417312622070312
1145.1072998046875
28.451679229736328
65.6720962524414
848.193359375
26.336544036865234
35.32115173339844
27.023103713989258
24.631616592407227
59.02873611450195
61.50243377685547
22.697824478149414
65.01081848144531
3207.728271484375
84.61231994628906
20.492671966552734
79.28265380859375
35.21430587768555
19.557727813720703
23.539295196533203
408.1238098144531
31.23971176147461
28.833824157714844
27.94428825378418
64.71196746826172
53.853153228759766
67.84556579589844
20.628223419189453
145.66131591796875
47.002655029296875
74.4280014038086
24.405183792114258
19.896095275878906
48.107295989990234
21.625152587890625
255.91017150878906
33.98454284667969
20.878944396972656
64.1503677368164
2795.805908203125
26.726463317871094
32.06816101074219
28.32748794555664
87.0013427734375
161.43551635742188
26.631168365478516
24.275232315063477
27.84169578552246
438.3233337402344
78.77203369140625
30.97279930114746
34.347904205322266
36.930782318115234
31.19379234313965
66.31513977050781
18.70230484008789
28.401216506958008
70.4319076538086
63.073726654052734
20.41222381591797
26.128000259399414
29.050655364990234
32.72032165527344
21.276384353637695
30.287296295166016

Average: 246.17862670898438
