1.1410239934921265
1.1083519458770752
1.0869120359420776
1.0930240154266357
1.1118719577789307
1.0856640338897705
1.089408040046692
1.108191967010498
1.1089919805526733
1.0689280033111572
1.0721919536590576
1.0713599920272827
1.0701119899749756
1.0681920051574707
1.0706559419631958
1.1414079666137695
1.068287968635559
1.0671360492706299
1.0822080373764038
1.0981440544128418
1.0645760297775269
1.0716160535812378
1.0851199626922607
1.0706239938735962
1.066912055015564
1.0887680053710938
1.0942720174789429
1.0716480016708374
1.069599986076355
1.098431944847107
1.073248028755188
1.0722880363464355
1.0705920457839966
1.1046080589294434
1.0679680109024048
1.0695359706878662
1.0884159803390503
1.0941439867019653
1.0722559690475464
1.0682560205459595
1.097983956336975
1.0709439516067505
1.0703359842300415
1.0710400342941284
1.0781760215759277
1.0692800283432007
1.071936011314392
1.1041280031204224
1.0728000402450562
1.0732159614562988
1.0656640529632568
1.0747519731521606
1.0731840133666992
1.06876802444458
1.0913280248641968
1.0847359895706177
1.0796159505844116
1.0705599784851074
1.0699520111083984
1.068384051322937
1.0695359706878662
1.0723199844360352
1.0914560556411743
1.0702719688415527
1.0752639770507812
1.090880036354065
1.0712640285491943
1.0818239450454712
1.0777599811553955
1.0717439651489258
1.0705599784851074
1.0670720338821411
1.110751986503601
1.1047680377960205
1.073024034500122
1.068127989768982
1.0677119493484497
1.0735039710998535
1.0685440301895142
1.0708160400390625
1.0763520002365112
1.0661439895629883
1.0665919780731201
1.0783679485321045
1.0733120441436768
1.0678080320358276
1.0669440031051636
1.0715839862823486
1.0656319856643677
1.0699199438095093
1.0686719417572021
1.0765440464019775
1.0730880498886108
1.0717439651489258
1.071071982383728
1.068384051322937
1.0673919916152954
1.0680639743804932
1.0720959901809692
1.0680320262908936

Average: 1.0785667204856872
