3175.730224609375
9.192352294921875
7.567264080047607
10.080927848815918
2525.181884765625
7.735904216766357
7.673279762268066
16.77110481262207
19.858623504638672
10.690400123596191
10.360639572143555
8.326496124267578
25.53887939453125
2502.83740234375
2781.7578125
15.776576042175293
11.815520286560059
19.646495819091797
14.679072380065918
218.79779052734375
16.559839248657227
12.211039543151855
14.006879806518555
14.540127754211426
8.88435173034668
9.395232200622559
10.530400276184082
10.142656326293945
9.514335632324219
12.830559730529785
21.32192039489746
9.174079895019531
7.401535987854004
216.53436279296875
19.265535354614258
228.01654052734375
12.496607780456543
10.3569917678833
10.044832229614258
10.570591926574707
9.173088073730469
9.522848129272461
9.219200134277344
215.7169647216797
15.02409553527832
898.1652221679688
12.065759658813477
19.183135986328125
11.805279731750488
11.94655990600586
9.74675178527832
9.112000465393066
10.07084846496582
19.7192325592041
17.4334716796875
15.613120079040527
218.4144287109375
11.341376304626465
273.9573974609375
17.517440795898438
12.23583984375
826.767333984375
12.428959846496582
11.355903625488281
9.853280067443848
7.720992088317871
8.247648239135742
10.51420783996582
9.253408432006836
7.881951808929443
7.424191951751709
9.303296089172363
7.912223815917969
20.18720054626465
13.341695785522461
9.106880187988281
17.254880905151367
17.978656768798828
15.611552238464355
13.823616027832031
11.256704330444336
12.919360160827637
9.424415588378906
9.094976425170898
8.534111976623535
10.425056457519531
413.9747619628906
11.967231750488281
8.916576385498047
9.158432006835938
9.610976219177246
17.82022476196289
18.87238311767578
13.474176406860352
18.97385597229004
32.55817413330078
8.777152061462402
9.110719680786133
9.57151985168457
7.378943920135498

Average: 155.78588767528535
