2697.71630859375
13.740032196044922
13.338239669799805
13.561216354370117
2167.2587890625
13.503487586975098
13.176992416381836
13.206560134887695
252.86111450195312
13.936384201049805
13.473888397216797
652.4644165039062
13.86137580871582
14.740863800048828
13.609631538391113
13.176544189453125
13.004672050476074
13.016032218933105
13.510047912597656
13.009504318237305
13.846719741821289
13.075200080871582
13.106143951416016
13.148415565490723
48.59782409667969
13.523167610168457
97.43350219726562
13.170463562011719
13.145024299621582
44.34425735473633
12.975071907043457
54.8704948425293
13.159680366516113
13.13804817199707
1051.3070068359375
37.221343994140625
86.4372787475586
63.631103515625
25.685855865478516
33.98371124267578
78.04249572753906
52.779327392578125
71.41398620605469
18.377727508544922
30.915327072143555
30.665504455566406
21.93471908569336
68.18425750732422
31.021024703979492
61.90214538574219
13.683072090148926
14.18284797668457
23.14348793029785
77.07405090332031
25.368032455444336
100.73257446289062
43.85968017578125
13.277567863464355
13.685152053833008
13.222368240356445
13.676544189453125
54.656288146972656
54.314239501953125
13.451264381408691
56.621952056884766
13.038528442382812
13.068832397460938
13.300448417663574
13.304479598999023
1918.083740234375
13.251296043395996
13.327775955200195
50.58678436279297
51.89801788330078
71.57778930664062
13.020000457763672
13.086432456970215
13.102335929870605
13.290656089782715
47.764705657958984
13.444479942321777
13.112480163574219
13.010944366455078
20.471328735351562
48.32419204711914
12.91318416595459
56.51679992675781
13.84335994720459
55.38409423828125
56.36880111694336
13.423871994018555
13.118528366088867
13.280256271362305
13.248224258422852
13.162079811096191
13.950495719909668
13.52012825012207
13.072352409362793
13.082559585571289
12.941184043884277

Average: 113.66043221473694
