7.040351867675781
6.724127769470215
6.424448013305664
6.29036808013916
127.31951904296875
6.23529577255249
6.046048164367676
5.8954877853393555
6.056191921234131
6.368639945983887
6.472896099090576
6.333920001983643
6.093503952026367
6.268127918243408
6.098368167877197
6.020063877105713
6.250175952911377
6.072832107543945
6.206208229064941
1663.2933349609375
922.0440673828125
6.47379207611084
6.2296319007873535
6.345823764801025
6.45465612411499
6.449056148529053
6.6951680183410645
6.052063941955566
6.010335922241211
6.239712238311768
6.074463844299316
6.191679954528809
6.502079963684082
6.052224159240723
6.1353278160095215
6.025728225708008
6.139039993286133
6.454048156738281
6.396096229553223
6.64083194732666
6.529088020324707
6.08073616027832
6.8324480056762695
5.999711990356445
6.186944007873535
6.792960166931152
6.1229119300842285
6.11078405380249
6.173183917999268
6.61187219619751
6.290656089782715
6.671679973602295
6.394720077514648
6.121056079864502
6.163072109222412
6.013184070587158
6.127007961273193
6.1536641120910645
6.064671993255615
6.799647808074951
6.0753278732299805
6.250688076019287
6.458943843841553
6.324031829833984
6.32150411605835
6.283743858337402
6.3190717697143555
6.158368110656738
6.141568183898926
6.028351783752441
6.217055797576904
6.2587199211120605
6.070047855377197
6.199295997619629
6.127999782562256
6.18828821182251
6.138591766357422
6.560256004333496
6.24070405960083
6.663968086242676
6.331424236297607
6.320831775665283
6.94543981552124
6.047455787658691
1608.218017578125
6.405600070953369
6.347328186035156
2453.263916015625
6.464159965515137
7.124320030212402
6.630527973175049
6.849184036254883
6.029695987701416
6.03001594543457
6.116864204406738
6.026976108551025
6.065824031829834
140.22189331054688
6.226880073547363
6.040160179138184

Average: 75.06088780403137
