7.606815814971924
7.242239952087402
9.570015907287598
7.7217278480529785
7.46995210647583
7.564191818237305
7.650976181030273
7.062016010284424
7.652031898498535
7.2182722091674805
8.298687934875488
8.223936080932617
7.141056060791016
7.233856201171875
7.303008079528809
7.416639804840088
7.1451520919799805
10.910688400268555
7.986847877502441
7.192160129547119
7.185472011566162
7.29852819442749
7.09225606918335
7.188447952270508
7.181151866912842
7.862912178039551
7.140448093414307
213.58880615234375
7.2921600341796875
7.0845441818237305
7.4567999839782715
8.380352020263672
213.2873992919922
296.4881591796875
7.236639976501465
141.81021118164062
7.132448196411133
6.998559951782227
7.252799987792969
213.74249267578125
7.5161919593811035
7.096704006195068
954.8525390625
7.0979838371276855
6.978687763214111
200.86358642578125
7.565279960632324
7.655712127685547
7.0979838371276855
7.861248016357422
7.013088226318359
214.36550903320312
215.0150146484375
5918.0634765625
213.6141815185547
7.246143817901611
7.6730241775512695
7.075776100158691
7.7090559005737305
7.891903877258301
2299.843017578125
7.112671852111816
1218.359130859375
7.16918420791626
7.1735358238220215
6.976736068725586
7.076735973358154
7.154272079467773
7.226240158081055
2713.095458984375
7.173120021820068
7.018367767333984
7.255008220672607
7.994976043701172
7.183104038238525
7.06115198135376
7.091072082519531
7.179999828338623
7.406335830688477
7.086080074310303
7.271647930145264
9.278240203857422
7.513631820678711
7.343103885650635
7.168831825256348
7.88153600692749
6.999904155731201
7.00710391998291
7.279583930969238
7.876224040985107
127.60441589355469
1880.56201171875
7.079648017883301
7.478655815124512
7.004191875457764
7.102176189422607
7.057024002075195
7.031455993652344
7.013311862945557
7.667295932769775

Average: 176.5942014694214
