6.3430399894714355
6.160863876342773
6.212672233581543
6.116352081298828
6.699423789978027
1943.68701171875
749.9164428710938
5.816544055938721
6.024640083312988
6.342527866363525
6.441247940063477
10.76204776763916
1889.817626953125
6.532479763031006
6.195072174072266
6.108128070831299
6.219808101654053
7.391168117523193
6.5714240074157715
5.8888959884643555
660.771240234375
198.89321899414062
5.988607883453369
5.960832118988037
7.77507209777832
5.928895950317383
5.822303771972656
6.330016136169434
6.659327983856201
6.007167816162109
8.233695983886719
5.874080181121826
210.1958465576172
1843.060546875
5.936895847320557
32.086910247802734
6.8151679039001465
5.759007930755615
2065.211181640625
6.665440082550049
5.857952117919922
6.560416221618652
5.70195198059082
5.691936016082764
5.724832057952881
6.3097920417785645
8.238335609436035
6.3955841064453125
6.295392036437988
6.407167911529541
809.804931640625
6.648287773132324
6.233312129974365
6.0577921867370605
5.745120048522949
203.8106231689453
6.205440044403076
1007.064697265625
6.662623882293701
5.4934401512146
5.6438398361206055
5.7296319007873535
6.061888217926025
6.015039920806885
1602.724609375
7.6877760887146
6.621407985687256
481.17987060546875
620.7662353515625
6.488096237182617
6.591584205627441
2392.518798828125
6.120128154754639
537.6708984375
6.692319869995117
6.011392116546631
6.082655906677246
6.2626237869262695
6.4515838623046875
6.045440196990967
5.930816173553467
6.066080093383789
6.518911838531494
7.138751983642578
5.9033918380737305
1085.3092041015625
6.226560115814209
7.210239887237549
2436.1748046875
6.209727764129639
6.416096210479736
5.885248184204102
210.8817596435547
6.18671989440918
6.112703800201416
5.706175804138184
6.101568222045898
5.890719890594482
5.778848171234131
6.449984073638916

Average: 214.89596635341644
