1.673632025718689
1.69651198387146
1.6571199893951416
1.682911992073059
1.6519360542297363
1.6535359621047974
1.6953920125961304
1.6600960493087769
1.6559360027313232
1.6541119813919067
1.6766400337219238
1.6575360298156738
1.6487360000610352
1.6573760509490967
1.6539839506149292
1.6538560390472412
1.6533759832382202
1.6792000532150269
1.6739840507507324
1.6495039463043213
1.65830397605896
1.6518399715423584
1.6610239744186401
1.649407982826233
1.6492799520492554
1.6812800168991089
1.6519039869308472
1.6702719926834106
1.6524800062179565
1.6753599643707275
1.6545599699020386
1.6506880521774292
1.6832640171051025
1.6514559984207153
1.6548160314559937
1.6484800577163696
1.668063998222351
1.675935983657837
1.652959942817688
1.6817280054092407
1.649791955947876
1.6567039489746094
1.6579840183258057
1.6692479848861694
1.6876800060272217
1.65283203125
1.670143961906433
1.649407982826233
1.6554239988327026
1.647871971130371
1.6533440351486206
1.7014399766921997
1.6624640226364136
1.674623966217041
1.6596800088882446
1.6815359592437744
1.6515519618988037
1.6541759967803955
1.6766719818115234
1.6522560119628906
1.6533119678497314
1.6491520404815674
1.6679680347442627
1.6728639602661133
1.65174400806427
1.67193603515625
1.6595840454101562
1.649183988571167
1.6533440351486206
1.6716159582138062
1.685696005821228
1.6462719440460205
1.658560037612915
1.652448058128357
1.6536959409713745
1.6486079692840576
1.6492160558700562
1.6813759803771973
1.6503679752349854
1.6497600078582764
1.6525440216064453
1.6912319660186768
1.6507200002670288
1.6494719982147217
1.6707199811935425
1.646623969078064
1.6544640064239502
1.6514559984207153
1.6796159744262695
1.6841280460357666
1.6550719738006592
1.6803840398788452
1.6567360162734985
1.6501439809799194
1.6505279541015625
1.6485439538955688
1.7021759748458862
1.6524159908294678
1.6572480201721191
1.6513279676437378

Average: 1.6618556773662567
