11.732416152954102
35.138145446777344
8.611776351928711
8.923583984375
8.776127815246582
8.273280143737793
8.20019245147705
20.64419174194336
8.568672180175781
8.873760223388672
8.441280364990234
9.086624145507812
8.817248344421387
8.37667179107666
8.690400123596191
8.190176010131836
7.935840129852295
8.260000228881836
8.349599838256836
10.258048057556152
8.476544380187988
8.489503860473633
8.62019157409668
7.994431972503662
8.195712089538574
7.963583946228027
19.105440139770508
9.860799789428711
8.709471702575684
1133.4224853515625
10.056608200073242
10.941696166992188
9.66262435913086
10.458944320678711
8.384160041809082
8.857439994812012
9.122688293457031
11.270560264587402
8.348383903503418
8.223999977111816
8.509087562561035
22.041343688964844
8.338303565979004
8.110400199890137
12.558079719543457
19.577600479125977
10.111007690429688
11.331168174743652
8.327648162841797
8.036895751953125
9.749088287353516
11.89087963104248
15.597824096679688
8.381471633911133
14.148608207702637
8.001440048217773
8.954912185668945
9.20803165435791
9.715871810913086
1621.1546630859375
8.593119621276855
8.605888366699219
9.13980770111084
13.118911743164062
22.043840408325195
12.530048370361328
9.450207710266113
10.576255798339844
708.5679931640625
11.952351570129395
9.77347183227539
8.785247802734375
8.523200035095215
13.82367992401123
16.130048751831055
8.303104400634766
8.359840393066406
10.118464469909668
9.234911918640137
8.355839729309082
8.442079544067383
10.789952278137207
8.939647674560547
8.976032257080078
8.459648132324219
10.975232124328613
8.339615821838379
8.644063949584961
9.327903747558594
13.682496070861816
11.159647941589355
10.986368179321289
10.773920059204102
13.935999870300293
12.119999885559082
11.598464012145996
13.78707218170166
10.6627197265625
1851.7650146484375
8.388992309570312

Average: 63.31798735618591
