230.6590118408203
78.683837890625
3846.1630859375
49.51801681518555
689.716796875
487.8693542480469
2587.231689453125
241.0996856689453
81.45699310302734
6846.27783203125
55.69276809692383
974.0966186523438
3674.8740234375
962.1678466796875
246.36752319335938
2094.29150390625
49.902305603027344
682.4002685546875
3684.059814453125
2747.306396484375
17.50511932373047
18.193471908569336
48.03353500366211
17.122528076171875
217.75091552734375
21.25775909423828
20.475488662719727
5236.76318359375
281.8864440917969
51.27862548828125
1751.983154296875
101.87094116210938
224.87586975097656
32.893985748291016
842.0172729492188
2758.865234375
2002.0423583984375
272.03533935546875
813.2398681640625
56.12166213989258
4275.26416015625
47.04198455810547
412.7994384765625
1014.0791625976562
28.215072631835938
418.5559997558594
53.42937469482422
18.95827293395996
772.4146728515625
517.3815307617188
633.2822875976562
55.476959228515625
1287.1680908203125
1847.14306640625
58.28947067260742
1272.3731689453125
2904.70947265625
20.439552307128906
733.3511352539062
568.60986328125
369.76611328125
30.469343185424805
572.4290161132812
25.160032272338867
2940.85888671875
2093.0419921875
1388.6220703125
1365.82421875
3392.631591796875
333.9933776855469
2690.328125
61.32195281982422
1846.9119873046875
3030.58349609375
54.1748161315918
1931.587646484375
237.47509765625
348.1628723144531
3036.739501953125
869.3818359375
762.6918334960938
2785.58935546875
1181.3140869140625
20.606624603271484
1643.2041015625
1404.5220947265625
3123.974609375
1110.038818359375
50.0088005065918
1852.0614013671875
1698.139404296875
1860.92578125
955.0252685546875
1287.1181640625
984.5598754882812
1508.0811767578125
3127.423583984375
1040.1258544921875
1352.242919921875
67.1341781616211

Average: 1164.6928277397155
