2654.666748046875
309.95660400390625
3264.774658203125
1944.3441162109375
126.40118408203125
3556.97412109375
519.7890625
359.8343811035156
2287.72705078125
542.7355346679688
1967.859375
1860.485107421875
32.28953552246094
3773.51220703125
770.169921875
1452.2265625
38.81398391723633
32.281375885009766
30.382015228271484
3434.929931640625
543.6884155273438
26.438207626342773
235.89578247070312
442.08892822265625
1105.1903076171875
227.27536010742188
1323.6334228515625
6003.353515625
1502.328857421875
1159.7962646484375
268.28314208984375
890.7179565429688
29.31987190246582
66.16019439697266
2187.210205078125
236.85317993164062
1004.8778076171875
5112.5068359375
28.496063232421875
635.2174072265625
439.12054443359375
2378.484375
6574.068359375
4351.1103515625
481.2705078125
4456.7041015625
3477.319091796875
2827.50927734375
4175.40771484375
530.6076049804688
958.054931640625
445.5403137207031
2622.74072265625
2598.67041015625
4217.63232421875
232.3958740234375
742.81982421875
2324.1826171875
274.7012939453125
787.1061401367188
843.9381713867188
29.135967254638672
1498.135009765625
477.7859191894531
3307.0546875
2148.095703125
1427.0828857421875
28.440895080566406
3177.512939453125
101.97625732421875
4402.232421875
3311.54150390625
195.95225524902344
33.48396682739258
43.608543395996094
241.75270080566406
1303.75
1882.1417236328125
7682.50048828125
4662.49609375
30.040096282958984
28.31929588317871
1200.5074462890625
388.52301025390625
1661.134765625
1448.8914794921875
2805.95751953125
770.1392211914062
33.95427322387695
3305.1806640625
915.4765625
173.22659301757812
32.44675064086914
2099.8251953125
29.514400482177734
1625.0816650390625
1196.9715576171875
447.82989501953125
1086.47509765625
3768.33642578125

Average: 1567.313816318512
