5.001503944396973
5.031199932098389
4.650303840637207
4.674176216125488
4.587744235992432
4.507040023803711
4.571616172790527
4.5136637687683105
4.6484479904174805
4.612895965576172
4.755743980407715
4.572991847991943
4.531583786010742
7.454880237579346
5.071360111236572
4.5147199630737305
4.625504016876221
4.638944149017334
5.172959804534912
4.752255916595459
4.493663787841797
4.533247947692871
4.5984320640563965
4.549727916717529
4.464928150177002
4.546432018280029
4.489696025848389
4.503680229187012
4.459712028503418
4.535999774932861
4.709504127502441
4.592959880828857
4.476736068725586
4.529183864593506
4.50383996963501
4.462719917297363
4.56550407409668
4.5900797843933105
4.5260162353515625
4.467840194702148
4.4817280769348145
4.453887939453125
4.463136196136475
4.461984157562256
4.45359992980957
5.319392204284668
4.417568206787109
4.447199821472168
4.455296039581299
4.4482879638671875
4.4929280281066895
4.457248210906982
4.455711841583252
4.502848148345947
4.60316801071167
4.460768222808838
4.442016124725342
4.433631896972656
5.077727794647217
4.487264156341553
4.512832164764404
4.460864067077637
4.453279972076416
4.452544212341309
4.4170241355896
4.622079849243164
4.491519927978516
4.460480213165283
4.457632064819336
4.445119857788086
4.452864170074463
4.444447994232178
4.516128063201904
4.451744079589844
7.496287822723389
4.888607978820801
4.471615791320801
4.581535816192627
5.234303951263428
6.231935977935791
4.463808059692383
4.7096638679504395
4.480127811431885
4.5447998046875
4.44979190826416
4.467967987060547
4.540895938873291
4.469759941101074
4.435455799102783
8.986175537109375
6.232895851135254
4.473311901092529
4.4555840492248535
4.464672088623047
4.458047866821289
4.480288028717041
4.497312068939209
5.386879920959473
4.445216178894043
4.4687042236328125

Average: 4.707590398788452
