3.519200086593628
3.518944025039673
3.4278719425201416
3.3452799320220947
3.3598079681396484
3.7076799869537354
3.1803200244903564
3.2699520587921143
3.345184087753296
3.2640318870544434
3.2674241065979004
3.2809600830078125
3.262079954147339
3.298719882965088
3.2063040733337402
3.1638400554656982
3.2472000122070312
3.2211520671844482
3.358975887298584
3.131040096282959
3.1361279487609863
3.0755200386047363
3.129983901977539
3.147167921066284
3.1906239986419678
3.082495927810669
3.1194241046905518
3.094304084777832
3.181056022644043
3.0968000888824463
3.1922879219055176
3.170464038848877
3.1949119567871094
3.1849920749664307
3.104736089706421
3.4271039962768555
3.1345279216766357
3.1258559226989746
3.163935899734497
3.163327932357788
3.1407039165496826
3.203968048095703
3.152992010116577
3.1641600131988525
3.144160032272339
3.1389760971069336
3.190687894821167
3.123296022415161
3.1904640197753906
3.0973119735717773
3.1824638843536377
3.1555519104003906
3.162368059158325
3.3115200996398926
3.113215923309326
3.1980481147766113
3.1835200786590576
3.1272640228271484
3.1713600158691406
3.1455678939819336
3.1368958950042725
3.108896017074585
3.110464096069336
3.204319953918457
3.1114559173583984
3.178528070449829
3.139552116394043
3.1501760482788086
3.195904016494751
3.1269760131835938
3.255552053451538
3.1301119327545166
3.102816104888916
3.1103360652923584
3.078399896621704
3.146944046020508
3.169152021408081
3.125056028366089
3.1669440269470215
3.109247922897339
3.1486079692840576
3.131711959838867
3.1733760833740234
3.1914238929748535
3.1555519104003906
3.577728033065796
3.145888090133667
3.168191909790039
3.166656017303467
3.6341440677642822
3.587552070617676
3.1834239959716797
3.095263957977295
3.03056001663208
3.1415679454803467
3.0837759971618652
3.097440004348755
3.051743984222412
3.3121280670166016
3.135711908340454

Average: 3.198593921661377
