8.738592147827148
9.14793586730957
8.304479598999023
604.329345703125
8.112095832824707
8.27244758605957
8.18496036529541
8.222463607788086
8.121088027954102
8.053152084350586
4218.33056640625
8.061887741088867
8.86524772644043
8.250399589538574
7.980127811431885
8.000255584716797
7.90723180770874
7.9621758460998535
8.50227165222168
2129.173583984375
8.176671981811523
191.65142822265625
8.010368347167969
8.106752395629883
7.892831802368164
8.323103904724121
8.00438404083252
8.068608283996582
7.976287841796875
3092.3232421875
8.172896385192871
8.75385570526123
8.080703735351562
8.093440055847168
9.98083209991455
8.153951644897461
21.49238395690918
7.9650559425354
8.036064147949219
8.168736457824707
401.709228515625
8.900064468383789
8.273280143737793
143.9796142578125
8.346912384033203
8.405599594116211
7.9456000328063965
7.9891839027404785
4669.45947265625
7.941823959350586
21.823200225830078
8.060511589050293
228.5747528076172
7.976480007171631
7.976255893707275
7.963840007781982
2103.422119140625
8.160703659057617
8.035039901733398
1306.224609375
8.860032081604004
749.9176635742188
8.14083194732666
927.7122192382812
8.363264083862305
8.727904319763184
8.058112144470215
8.154399871826172
628.2952880859375
8.104960441589355
8.043071746826172
8.29139232635498
21.2346248626709
1604.98583984375
8.191136360168457
8.112192153930664
8.126175880432129
413.13623046875
8.280415534973145
8.8887357711792
8.138912200927734
7.9615678787231445
8.099648475646973
8.002016067504883
8.721376419067383
7.957248210906982
2440.00830078125
8.002335548400879
8.041631698608398
2599.134033203125
8.323264122009277
8.133919715881348
8.108287811279297
7.94265604019165
2205.126953125
8.107775688171387
367.0384216308594
8.322879791259766
9.941856384277344
9.52729606628418

Average: 317.2538507223129
