1.9892159700393677
2.550112009048462
1.9813439846038818
1.9439359903335571
1.8779840469360352
1.9067519903182983
1.909600019454956
1.8893120288848877
1.90556800365448
1.945248007774353
1.8973759412765503
1.9069119691848755
1.8507839441299438
1.8859200477600098
1.901695966720581
1.9199680089950562
1.8872640132904053
1.9183679819107056
1.8939520120620728
1.8703999519348145
1.929311990737915
1.9720640182495117
1.897312045097351
1.9676799774169922
1.882591962814331
1.957311987876892
1.9656000137329102
1.9627200365066528
1.9759999513626099
2.0196800231933594
2.0127360820770264
1.8808640241622925
2.0193281173706055
1.9209920167922974
1.9184000492095947
2.002847909927368
1.911296010017395
1.9803199768066406
2.588383913040161
1.8918720483779907
1.866528034210205
1.9534720182418823
1.9144959449768066
1.913472056388855
1.8691519498825073
1.8980480432510376
1.8912320137023926
1.9032959938049316
1.9349440336227417
1.9829440116882324
1.9434560537338257
1.9359040260314941
1.9234880208969116
1.9443199634552002
2.57478404045105
2.0080959796905518
1.9912320375442505
1.927008032798767
2.142303943634033
1.9804799556732178
2.0539519786834717
2.084480047225952
2.031008005142212
1.9029439687728882
1.973695993423462
1.9156479835510254
1.898144006729126
1.9291839599609375
2.030303955078125
1.9766720533370972
1.8979519605636597
1.8528319597244263
1.9026880264282227
1.911903977394104
1.87881600856781
1.8187839984893799
1.8952319622039795
1.8902080059051514
1.8831679821014404
2.239392042160034
1.888159990310669
1.9409279823303223
1.9049919843673706
2.001120090484619
1.9296640157699585
2.052896022796631
2.034111976623535
1.940608024597168
2.0252480506896973
2.0127038955688477
2.015455961227417
1.914944052696228
1.8911360502243042
1.9539200067520142
1.8954559564590454
1.8626879453659058
1.9285759925842285
1.9550399780273438
1.9140160083770752
1.8909120559692383

Average: 1.959072641134262
