1.4828799962997437
0.927839994430542
0.9000639915466309
0.8982080221176147
0.9010239839553833
0.9137279987335205
0.8946239948272705
0.8934080004692078
0.8973760008811951
0.9123200178146362
0.9117119908332825
0.8880000114440918
0.8857600092887878
0.8867200016975403
0.8954240083694458
0.8894079923629761
0.8905280232429504
0.8868799805641174
0.8851519823074341
0.8837119936943054
0.8837119936943054
0.883903980255127
0.8800640106201172
0.8855680227279663
0.8838719725608826
0.8831040263175964
0.8827840089797974
0.9201599955558777
0.8825280070304871
0.887008011341095
0.8873599767684937
0.893280029296875
0.8792639970779419
0.8852159976959229
0.8803520202636719
0.8866559863090515
0.8802880048751831
0.8823360204696655
0.8803840279579163
0.881600022315979
0.8865600228309631
0.8810240030288696
0.8785600066184998
0.8805760145187378
0.8964160084724426
0.8834559917449951
0.8739839792251587
0.8707519769668579
0.8737279772758484
0.8772479891777039
0.8695999979972839
0.8692799806594849
0.8729599714279175
0.8824639916419983
0.8710079789161682
0.8738880157470703
0.8719040155410767
0.8779199719429016
0.8707839846611023
0.8729280233383179
0.8740479946136475
0.8731520175933838
0.8722879886627197
0.8715839982032776
0.8697280287742615
0.8718720078468323
0.8737599849700928
0.8692160248756409
0.8716800212860107
0.8724480271339417
0.8697599768638611
0.8759040236473083
0.8717120289802551
0.8741120100021362
0.8697599768638611
0.8772479891777039
0.8758080005645752
0.8731520175933838
0.8705599904060364
0.8720960021018982
0.9151679873466492
0.871392011642456
0.8678719997406006
0.869983971118927
0.8759999871253967
0.8698559999465942
0.8675839900970459
0.8733119964599609
0.8792639970779419
0.8714240193367004
0.8712319731712341
0.870527982711792
0.8759040236473083
0.8731520175933838
0.8706880211830139
0.8705599904060364
0.8750399947166443
0.8824319839477539
0.874176025390625
0.87363201379776

Average: 0.8871833610534668
