3899.68896484375
1669.8892822265625
2265.607421875
3377.8291015625
2930.037841796875
7621.08642578125
978.4058837890625
3686.800048828125
1310.547607421875
1690.695068359375
3350.09033203125
1102.3658447265625
3992.08935546875
20.441951751708984
1552.9722900390625
20.49273681640625
19.991743087768555
1653.6488037109375
1362.2900390625
6063.5986328125
21.395967483520508
1642.2572021484375
90.75663757324219
1643.725830078125
3348.14501953125
5559.974609375
2841.867919921875
665.743896484375
6067.3759765625
3633.441650390625
862.477783203125
2659.444091796875
1416.7100830078125
7271.64111328125
4737.23876953125
4800.5625
20.851295471191406
19.936927795410156
346.2614440917969
922.4158325195312
10022.9619140625
1786.650390625
183.89138793945312
1666.1898193359375
488.7451171875
1326.999755859375
6522.2607421875
21.095935821533203
967.322509765625
2841.206787109375
2832.6796875
3534.54833984375
5492.30517578125
538.2702026367188
2014.1951904296875
961.9985961914062
303.6253356933594
228.16085815429688
2661.6630859375
3247.52294921875
1350.89306640625
1788.4527587890625
3749.80712890625
5203.44873046875
1208.121337890625
228.58265686035156
2645.755126953125
1562.047607421875
3466.3798828125
3754.866943359375
7359.83349609375
158.6800994873047
868.2352294921875
226.33558654785156
732.3140869140625
2041.8311767578125
2832.368896484375
4175.63232421875
1362.273193359375
218.03114318847656
1886.01708984375
516.0831298828125
1710.1295166015625
4890.95458984375
4677.91796875
2389.124267578125
3082.8857421875
224.75209045410156
3701.7509765625
3564.276611328125
6834.91455078125
113.01165008544922
20.272415161132812
6102.53173828125
575.2272338867188
572.7652587890625
20.02947235107422
7688.47509765625
19.9816951751709
723.2763061523438

Average: 2390.3135558128356
