3392.39697265625
2820.14111328125
4277.9951171875
321.4312744140625
2438.520751953125
35.17628860473633
1059.0157470703125
418.8293151855469
589.2975463867188
6342.21044921875
35.494590759277344
314.12579345703125
6321.638671875
157.27320861816406
2405.624755859375
408.8161926269531
6249.30224609375
1049.271240234375
3668.40673828125
558.9700927734375
2897.864990234375
1543.1988525390625
3810.903076171875
2239.362548828125
273.7762145996094
1310.1275634765625
889.5493774414062
1229.107666015625
2385.2021484375
3415.137451171875
1080.8245849609375
2260.705322265625
3627.76708984375
23.26630401611328
215.10581970214844
1483.3458251953125
1295.330810546875
525.8512573242188
1116.31005859375
2617.343505859375
36.70627212524414
1040.523681640625
903.0255126953125
1053.4122314453125
5777.447265625
2504.417724609375
4265.32080078125
190.5234832763672
5325.80078125
1900.548095703125
1311.971923828125
495.3459167480469
1476.971435546875
33.38159942626953
1893.5450439453125
765.6531372070312
32.03315353393555
2286.879150390625
2697.670166015625
3673.47265625
295.3412780761719
2155.716064453125
1843.3359375
5003.947265625
4158.2099609375
2607.265380859375
776.1737060546875
490.9198913574219
22.332927703857422
198.84962463378906
1268.4986572265625
4413.40087890625
2236.401123046875
125.78902435302734
911.7796020507812
1604.4615478515625
4234.24267578125
4855.005859375
177.63853454589844
865.93994140625
1223.16845703125
1272.4571533203125
849.8993530273438
1127.2520751953125
3790.544189453125
5435.84130859375
1280.469482421875
3548.81396484375
1748.3389892578125
2227.312744140625
26.61248016357422
3289.43603515625
232.99990844726562
2074.515869140625
1050.905517578125
3354.334228515625
919.7606201171875
2293.1533203125
1785.90576171875
2816.224609375

Average: 1933.618645553589
