9.442144393920898
6210.09619140625
3554.045654296875
6.5259199142456055
6.556640148162842
6.515488147735596
6.547647953033447
6.522336006164551
6.439328193664551
6.350880146026611
1616.0887451171875
6.344543933868408
6.355103969573975
844.1520385742188
6.5024638175964355
6.383264064788818
6.6638078689575195
6.775775909423828
6.526336193084717
6.7259840965271
3496.0078125
6.47705602645874
963.5415649414062
342.6822204589844
199.91127014160156
410.48199462890625
6.358560085296631
6.380640029907227
1539.1104736328125
498.962890625
8.199647903442383
7.636127948760986
7.815296173095703
6.5668158531188965
212.07244873046875
211.39794921875
686.7445678710938
7.631840229034424
7.639520168304443
1493.919677734375
6.733823776245117
6.407648086547852
6.5960001945495605
7.667359828948975
6.496640205383301
6.941919803619385
7.538656234741211
7.182400226593018
7.596543788909912
7.288127899169922
3539.523681640625
213.66732788085938
1883.892822265625
3729.69482421875
6.330495834350586
295.13385009765625
6.539391994476318
6.268767833709717
6.369152069091797
213.5782012939453
656.7890014648438
7.120287895202637
6.972576141357422
222.00009155273438
7.058207988739014
7.259391784667969
252.9625244140625
6.840767860412598
231.8305206298828
432.9646911621094
261.58038330078125
7.036159992218018
6.301599979400635
6.532959938049316
1491.0938720703125
6.537759780883789
6.243103981018066
6.314911842346191
6.398335933685303
6.205023765563965
6.765727996826172
7.091839790344238
6.713696002960205
6.894944190979004
6.231616020202637
6.362559795379639
6.414720058441162
6.364031791687012
6.295263767242432
6.290016174316406
6.263391971588135
212.96978759765625
6.3023681640625
6.251999855041504
6.242784023284912
6.234208106994629
6.2491841316223145
6.641056060791016
6.436800003051758
6.848031997680664

Average: 363.94452503204343
