3.984031915664673
4.161344051361084
3.898751974105835
3.8320000171661377
3.835200071334839
3.8653440475463867
3.890144109725952
3.8689279556274414
3.809312105178833
3.8086400032043457
3.8174400329589844
4.030879974365234
3.9462080001831055
4.262879848480225
4.134431838989258
3.939840078353882
3.7981441020965576
3.8462400436401367
3.8907198905944824
3.809216022491455
3.821536064147949
3.78387188911438
3.7803521156311035
3.820064067840576
4.9053120613098145
3.7920000553131104
3.757535934448242
3.9171841144561768
4.2784318923950195
3.8635199069976807
3.876800060272217
3.7886719703674316
3.7689919471740723
3.778496026992798
3.7898240089416504
3.7887680530548096
3.7880640029907227
3.7966079711914062
3.7599360942840576
3.755392074584961
3.7866880893707275
3.7816638946533203
3.842816114425659
3.9443519115448
4.000768184661865
3.995296001434326
3.867232084274292
3.832159996032715
3.788288116455078
3.8399999141693115
3.778752088546753
3.7302401065826416
3.8190720081329346
3.7629759311676025
3.8881919384002686
3.8443520069122314
3.776671886444092
3.7588798999786377
3.8222079277038574
3.8669440746307373
3.817728042602539
3.831615924835205
3.8018240928649902
3.7444159984588623
3.762336015701294
3.8342719078063965
3.761568069458008
3.7904319763183594
4.717663764953613
3.7878079414367676
3.7677760124206543
3.803679943084717
3.7697598934173584
3.7918078899383545
3.8397440910339355
3.8717761039733887
3.997728109359741
3.878335952758789
3.8633599281311035
4.831071853637695
3.823391914367676
3.7638399600982666
3.7925760746002197
3.796639919281006
3.8547840118408203
3.871999979019165
3.823359966278076
3.8813118934631348
3.8404479026794434
3.977407932281494
4.135519981384277
4.469376087188721
3.8797760009765625
3.858975887298584
3.8501760959625244
3.870368003845215
3.8153278827667236
3.864703893661499
3.9010560512542725
3.8031680583953857

Average: 3.8890751957893372
