4.795968055725098
4.847263813018799
4.586592197418213
4.491903781890869
4.576576232910156
4.597568035125732
4.56009578704834
4.587584018707275
4.563936233520508
4.595808029174805
4.569183826446533
4.56771183013916
4.55241584777832
4.5610880851745605
4.544991970062256
4.57747220993042
4.544032096862793
4.55075216293335
4.5531840324401855
4.581503868103027
4.558527946472168
4.579520225524902
4.558527946472168
4.520256042480469
4.53110408782959
4.512095928192139
4.505760192871094
4.554880142211914
4.5316481590271
4.533055782318115
4.540031909942627
4.535967826843262
4.516255855560303
4.5373759269714355
4.533567905426025
4.54256010055542
4.540639877319336
4.527647972106934
4.532256126403809
4.5497918128967285
4.554175853729248
4.5568318367004395
4.535520076751709
4.554944038391113
4.497183799743652
4.506048202514648
4.523392200469971
4.51254415512085
4.517824172973633
988.9473876953125
4.585792064666748
4.525152206420898
4.630112171173096
4.57155179977417
4.589216232299805
4.578495979309082
4.539103984832764
4.478047847747803
4.522272109985352
4.530623912811279
4.522079944610596
4.505983829498291
4.542367935180664
4.496863842010498
4.526080131530762
4.518496036529541
4.516895771026611
4.516575813293457
4.517151832580566
4.511168003082275
4.4846720695495605
4.5089921951293945
4.501183986663818
4.51855993270874
4.497983932495117
4.516543865203857
4.493728160858154
4.522208213806152
4.548160076141357
4.51148796081543
4.5352959632873535
4.524384021759033
4.505792140960693
4.527584075927734
4.518527984619141
4.494463920593262
4.493023872375488
4.481056213378906
4.557472229003906
4.530752182006836
5.079616069793701
4.4879679679870605
4.522111892700195
4.5103678703308105
4.512063980102539
4.514143943786621
4.514880180358887
4.506432056427002
4.543007850646973
4.556096076965332

Average: 14.389955482482911
