0.7062079906463623
0.6846399903297424
0.673471987247467
0.6941440105438232
0.66975998878479
0.6703360080718994
0.669215977191925
0.6688640117645264
0.6984000205993652
0.6911680102348328
0.669920027256012
0.6736639738082886
0.6679679751396179
0.6703360080718994
0.7057920098304749
0.6672959923744202
0.6661120057106018
0.6673920154571533
0.668287992477417
0.6713280081748962
0.6832320094108582
0.6650239825248718
0.6674879789352417
0.6666560173034668
0.6680639982223511
0.688256025314331
0.7030079960823059
0.6677119731903076
0.6645439863204956
0.6659520268440247
0.6663359999656677
0.6993280053138733
0.6667839884757996
0.6656000018119812
0.6692479848861694
0.6630719900131226
0.6656320095062256
0.7170559763908386
0.6713600158691406
0.6686400175094604
0.6694080233573914
0.666271984577179
0.6833599805831909
0.6924480199813843
0.6638399958610535
0.6683840155601501
0.6665279865264893
0.6656320095062256
0.7204160094261169
0.6646720170974731
0.6651840209960938
0.6683520078659058
0.6642879843711853
0.663424015045166
0.715071976184845
0.6620479822158813
0.6647999882698059
0.6674879789352417
0.6672639846801758
0.696448028087616
0.697055995464325
0.6649280190467834
0.6683200001716614
0.6691840291023254
0.6664320230484009
0.7232959866523743
0.6992959976196289
0.6692479848861694
0.6687679886817932
0.6677119731903076
0.6652799844741821
0.7183039784431458
0.665120005607605
0.6679360270500183
0.6687679886817932
0.6652799844741821
0.692192018032074
0.6929280161857605
0.6670079827308655
0.6635519862174988
0.6638720035552979
0.6637120246887207
0.718783974647522
0.6675519943237305
0.6619200110435486
0.6743040084838867
0.6664000153541565
0.6650239825248718
0.7185279726982117
0.6740480065345764
0.6673920154571533
0.6645119786262512
0.6672959923744202
0.6991360187530518
0.6934720277786255
0.666271984577179
0.6674240231513977
0.6716160178184509
0.6658239960670471
0.7227519750595093

Average: 0.6766307199001312
