1899.185546875
23.569120407104492
854.8833618164062
1199.990966796875
59.631103515625
26.65817642211914
1770.1865234375
21.766719818115234
65.45388793945312
106.00361633300781
65.2343978881836
21.29052734375
382.30108642578125
24.30124855041504
37.768638610839844
19.546911239624023
22.129663467407227
19.717695236206055
62.40304183959961
532.1026611328125
1023.895751953125
25.42857551574707
349.5110778808594
782.9536743164062
1336.7667236328125
1009.777587890625
25.216480255126953
21.85500717163086
30.725439071655273
22.875551223754883
21.091167449951172
67.39103698730469
23.494495391845703
22.04979133605957
1482.464599609375
235.28224182128906
24.403104782104492
21.310400009155273
862.5537109375
388.797119140625
358.43804931640625
72.97650909423828
29.77382469177246
63.83407974243164
1267.96435546875
34.61888122558594
25.687328338623047
86.77747344970703
61.27577590942383
20.863391876220703
30.739423751831055
24.804927825927734
25.62735939025879
21.563199996948242
23.294815063476562
27.61199951171875
59.39936065673828
63.965087890625
19.511999130249023
1561.7498779296875
34.324161529541016
33.915679931640625
26.9017276763916
20.003263473510742
20.44380760192871
63.24905776977539
30.821504592895508
2909.570068359375
28.338048934936523
23.608224868774414
222.2301788330078
21.00726318359375
65.25714874267578
21.8767032623291
22.891231536865234
60.264766693115234
103.9222412109375
56.99350357055664
25.497760772705078
650.0812377929688
1616.3238525390625
23.829248428344727
21.741920471191406
102.66912078857422
61.90412902832031
22.11471939086914
29.338560104370117
23.984384536743164
4226.20068359375
23.297504425048828
19.816640853881836
105.05542755126953
19.159744262695312
1386.192138671875
438.56622314453125
197.88870239257812
25.78316879272461
96.24156951904297
23.197120666503906
523.310791015625

Average: 323.00259382247924
