641.9256591796875
60.261505126953125
24.790943145751953
191.3236541748047
28.457151412963867
3835.1123046875
19.41391944885254
497.99969482421875
17.424575805664062
306.366455078125
25.279552459716797
24.899072647094727
21.85856056213379
23.01740837097168
23.52672004699707
22.147808074951172
17.50489616394043
28.185728073120117
22.884864807128906
21.895296096801758
31.458528518676758
25.847455978393555
92.9629135131836
55.642398834228516
18.2774715423584
17.288127899169922
60.73990249633789
22.074848175048828
17.265056610107422
642.13916015625
52.386878967285156
29.219839096069336
65.70508575439453
278.38690185546875
16.981151580810547
374.9273986816406
20.36502456665039
22.710336685180664
17.941951751708984
23.399295806884766
23.184640884399414
3368.86376953125
21.970752716064453
18.26585578918457
58.49283218383789
63.556190490722656
20.442176818847656
22.818496704101562
58.232032775878906
56.07344055175781
22.888639450073242
21.279296875
17.660640716552734
18.110015869140625
17.296768188476562
18.635456085205078
25.607807159423828
26.304672241210938
22.317184448242188
29.020000457763672
23.472511291503906
64.06886291503906
20.31609535217285
18.68886375427246
58.590721130371094
16.55766487121582
17.724576950073242
16.67171287536621
16.575359344482422
497.5617370605469
58.079166412353516
1954.070556640625
20.462303161621094
19.075647354125977
20.23139190673828
18.18979263305664
17.084543228149414
43.43395233154297
16.976064682006836
19.529983520507812
26.635168075561523
85.89379119873047
57.86726379394531
18.402591705322266
58.505950927734375
57.90719985961914
30.768991470336914
16.37932777404785
53.95686340332031
23.64214324951172
175.4381103515625
16.403968811035156
17.217151641845703
60.98313522338867
28.28009605407715
67.42675018310547
17.824447631835938
61.30409622192383
25.703744888305664
71.9431381225586

Average: 155.808616065979
