2.3420159816741943
2.3145599365234375
2.3183679580688477
2.337791919708252
2.321023941040039
2.3069119453430176
2.309920072555542
2.30185604095459
2.3019518852233887
2.341599941253662
2.310175895690918
2.305408000946045
2.3092479705810547
2.30403208732605
2.316960096359253
2.3183040618896484
2.300544023513794
2.3163840770721436
2.301215887069702
2.324608087539673
2.297408103942871
2.3378241062164307
2.3077759742736816
2.302432060241699
2.309823989868164
2.299423933029175
2.2745919227600098
2.325376033782959
2.3039679527282715
2.303328037261963
2.303936004638672
2.310271978378296
2.321568012237549
2.3394880294799805
2.3111040592193604
2.3004159927368164
2.301151990890503
2.3052480220794678
2.3238720893859863
2.3313920497894287
2.3035519123077393
2.306976079940796
2.2448320388793945
2.3131520748138428
2.324512004852295
2.337984085083008
2.3065600395202637
2.299743890762329
2.30947208404541
2.3009281158447266
2.339871883392334
2.3104639053344727
2.3013761043548584
2.3077120780944824
2.3088319301605225
2.3140480518341064
2.3210558891296387
2.323391914367676
2.309823989868164
2.3034238815307617
2.2475199699401855
2.3056640625
2.3326399326324463
2.3074240684509277
2.3032960891723633
2.302720069885254
2.3025920391082764
2.3109118938446045
2.3192319869995117
2.331455945968628
2.3047680854797363
2.303328037261963
2.303071975708008
2.300800085067749
2.3293440341949463
2.3311359882354736
2.316351890563965
2.3019518852233887
2.299936056137085
2.3059840202331543
2.312704086303711
2.3044159412384033
2.3045120239257812
2.3092479705810547
2.3239359855651855
2.328768014907837
2.322688102722168
2.331360101699829
2.2948479652404785
2.1946558952331543
2.2286078929901123
2.2049601078033447
2.215679883956909
2.212831974029541
2.192095994949341
2.1898880004882812
2.198784112930298
2.200416088104248
2.1864640712738037
2.1941120624542236

Average: 2.2991209650039672
