2.857664108276367
3.3095040321350098
3.150048017501831
2.736128091812134
2.841248035430908
2.735680103302002
2.85427188873291
3.2585599422454834
2.6781439781188965
2.6937921047210693
2.7070400714874268
2.6246399879455566
2.7663679122924805
2.8973441123962402
2.902656078338623
2.8704960346221924
2.601855993270874
2.9653120040893555
3.2533440589904785
2.748960018157959
2.9095358848571777
2.660576105117798
2.852992057800293
2.6673600673675537
2.6395840644836426
2.6849920749664307
2.742464065551758
2.7332160472869873
2.5950400829315186
2.766335964202881
2.8138558864593506
2.6415040493011475
3.193727970123291
3.060863971710205
3.4154560565948486
2.6040639877319336
3.141792058944702
2.604032039642334
3.013535976409912
2.935551881790161
3.342047929763794
3.4129600524902344
3.4754879474639893
2.912992000579834
2.8618240356445312
2.7203519344329834
2.734783887863159
2.965087890625
2.6107521057128906
2.6730239391326904
2.7622718811035156
2.7128639221191406
2.7517759799957275
3.1265599727630615
3.191135883331299
2.94598388671875
2.8291521072387695
2.8389759063720703
2.565471887588501
2.7130560874938965
2.672384023666382
2.778592109680176
2.7117760181427
2.847424030303955
2.732480049133301
2.9061119556427
6.3521599769592285
9.431424140930176
3.0820159912109375
2.784895896911621
2.641472101211548
2.936800003051758
2.5537281036376953
2.7991039752960205
2.6526079177856445
2.6610560417175293
2.5631039142608643
2.7121920585632324
2.9048960208892822
2.595423936843872
2.680288076400757
2.554080009460449
2.5110719203948975
2.6232640743255615
2.637887954711914
2.732480049133301
2.685472011566162
7.903679847717285
2.8256959915161133
13.109696388244629
2.809216022491455
178.819580078125
3.1997439861297607
4.536543846130371
2.6071040630340576
3.169503927230835
3.6424639225006104
3.289504051208496
4.284543991088867
2.6663360595703125

Average: 4.88883900642395
