4015.46923828125
52.132415771484375
18.32099151611328
432.4454040527344
17.773311614990234
2128.78271484375
55.15331268310547
27.556480407714844
3992.42138671875
923.98046875
25.837055206298828
26.707199096679688
19.686975479125977
22.243648529052734
26.32953643798828
18.29363250732422
18.84351921081543
18.151424407958984
16.003488540649414
17.853824615478516
17.086015701293945
250.8912353515625
19.450239181518555
19.150304794311523
20.12860870361328
17.383039474487305
1504.6199951171875
21.24675178527832
20.090560913085938
47.39689636230469
19.384992599487305
30.465024948120117
20.661983489990234
19.84774398803711
60.37043380737305
18.448223114013672
17.040672302246094
18.11827278137207
24.86409568786621
506.6532897949219
19.352800369262695
409.17340087890625
21.29257583618164
176.17178344726562
19.094432830810547
18.1376953125
19.633119583129883
21.506559371948242
23.703519821166992
25.770751953125
19.261600494384766
54.69571304321289
54.78396987915039
20.517887115478516
172.70115661621094
43.56227111816406
358.9681091308594
60.478111267089844
23.395296096801758
72.51139068603516
30.075136184692383
39.02742385864258
25.461952209472656
61.87478256225586
23.855487823486328
23.832319259643555
56.629119873046875
18.310400009155273
56.16979217529297
28.846752166748047
400.0945739746094
53.5088005065918
44.660255432128906
1131.57666015625
21.049184799194336
20.367103576660156
18.38115119934082
62.17145538330078
27.37276840209961
24.6146240234375
1178.82373046875
20.288991928100586
18.555328369140625
19.477664947509766
21.978111267089844
16.528480529785156
25.94883155822754
35.87715148925781
502.2344970703125
1022.4102783203125
58.72345733642578
37.38092803955078
71.7324447631836
23.161407470703125
22.6376953125
23.661407470703125
66.13043212890625
25.026079177856445
71.6277084350586
20.94153594970703

Average: 216.33022459030153
