4.615647792816162
4.40396785736084
4.42409610748291
4.4488959312438965
4.435776233673096
4.407680034637451
4.400735855102539
4.399903774261475
4.386559963226318
4.396639823913574
4.404799938201904
4.412320137023926
4.42252779006958
4.427648067474365
4.40780782699585
4.399936199188232
4.39788818359375
4.395840167999268
4.409952163696289
4.3963518142700195
4.396927833557129
4.4202880859375
4.456768035888672
4.399040222167969
4.405119895935059
4.396927833557129
4.397215843200684
4.397151947021484
4.396416187286377
4.4161601066589355
4.4231038093566895
4.455488204956055
4.401984214782715
4.402048110961914
4.399136066436768
4.400928020477295
4.396255970001221
4.398784160614014
4.413568019866943
4.3982720375061035
4.45468807220459
4.397759914398193
4.1906561851501465
4.182271957397461
4.18342399597168
4.187647819519043
4.178239822387695
4.178239822387695
4.177984237670898
4.179679870605469
4.179423809051514
4.175680160522461
4.184703826904297
4.17526388168335
4.240352153778076
4.189472198486328
4.18009614944458
4.176799774169922
4.1860480308532715
4.184671878814697
4.17849588394165
4.184319972991943
4.181632041931152
4.184927940368652
4.173952102661133
4.181312084197998
4.1459197998046875
4.144512176513672
4.139296054840088
4.147583961486816
4.132256031036377
4.1387200355529785
4.130752086639404
4.13753604888916
4.137631893157959
4.146304130554199
4.143008232116699
4.160575866699219
4.108736038208008
4.105311870574951
4.10041618347168
4.119552135467529
4.160799980163574
4.135039806365967
4.12940788269043
4.133471965789795
4.1387200355529785
4.13651180267334
4.134431838989258
4.121056079864502
4.124256134033203
4.134687900543213
4.13424015045166
4.135776042938232
4.131999969482422
4.120704174041748
4.140192031860352
4.130720138549805
4.123072147369385
4.135007858276367

Average: 4.2637251234054565
