10.352095603942871
10.023807525634766
10.424736022949219
10.04537582397461
9.838591575622559
26.128000259399414
12.233663558959961
10.618623733520508
10.290016174316406
10.320927619934082
11.179936408996582
9.981663703918457
3513.8671875
10.307295799255371
10.014240264892578
10.932415962219238
11.615615844726562
9.986783981323242
10.651391983032227
3776.685302734375
17.818496704101562
1632.154052734375
9.819168090820312
9.960288047790527
9.752799987792969
9.883999824523926
1352.1575927734375
10.076383590698242
1946.004150390625
775.0774536132812
4279.3916015625
10.401568412780762
10.095135688781738
10.143072128295898
9.777536392211914
10.27302360534668
9.905119895935059
10.27337646484375
9.704832077026367
9.757472038269043
9.946656227111816
11.007264137268066
9.71292781829834
9.769951820373535
9.713120460510254
9.68233585357666
10.22339153289795
9.788000106811523
9.96940803527832
9.713824272155762
9.682880401611328
9.707296371459961
9.679295539855957
9.890175819396973
9.768608093261719
9.771424293518066
10.346495628356934
9.734047889709473
9.911520004272461
9.70464038848877
9.680224418640137
9.769856452941895
17.738399505615234
18.11743927001953
12.017087936401367
9.78495979309082
9.821599960327148
9.747903823852539
9.98681640625
9.789983749389648
9.757408142089844
9.658720016479492
9.773088455200195
1472.3837890625
11.15721607208252
11.005727767944336
9.797311782836914
3196.762451171875
11.032896041870117
10.951935768127441
513.0732421875
10.502431869506836
10.271712303161621
10.948415756225586
10.700287818908691
10.62934398651123
11.23904037475586
10.504799842834473
11.092032432556152
11.905183792114258
10.783679962158203
512.1064453125
1667.757080078125
11.950847625732422
10.063136100769043
10.003392219543457
10.432831764221191
10.015104293823242
9.78003215789795
10.673952102661133

Average: 255.78815868377686
