0.7223039865493774
0.6970239877700806
0.6932160258293152
0.6918079853057861
0.7142400145530701
0.695360004901886
0.6907200217247009
0.6867520213127136
0.6910719871520996
0.6891840100288391
0.7215359807014465
0.6873279809951782
0.6864320039749146
0.6874560117721558
0.6877760291099548
0.6872640252113342
0.6944959759712219
0.6863679885864258
0.6863999962806702
0.6906880140304565
0.6887360215187073
0.7208960056304932
0.6864960193634033
0.6870080232620239
0.6872320175170898
0.6886720061302185
0.6893119812011719
0.7339199781417847
0.6657599806785583
0.6686720252037048
0.6667839884757996
0.6673280000686646
0.6649919748306274
0.6674559712409973
0.667136013507843
0.6647359728813171
0.6642559766769409
0.6663680076599121
0.674560010433197
0.6665599942207336
0.665503978729248
0.6651520133018494
0.6636480093002319
0.6680960059165955
0.6757439970970154
0.6672639846801758
0.6698880195617676
0.6654080152511597
0.6686080098152161
0.6760640144348145
0.6654080152511597
0.6664000153541565
0.6661760210990906
0.6666560173034668
0.6687359809875488
0.6665279865264893
0.6665279865264893
0.6669120192527771
0.6674879789352417
0.6685439944267273
0.6680319905281067
0.6736639738082886
0.6684160232543945
0.6664320230484009
0.6666560173034668
0.666047990322113
0.6641600131988525
0.6750720143318176
0.681119978427887
0.6781119704246521
0.6656320095062256
0.6961280107498169
0.7019839882850647
0.6825600266456604
0.6671040058135986
0.6675519943237305
0.6680319905281067
0.6686720252037048
0.673632025718689
0.6666240096092224
0.6672319769859314
0.667136013507843
0.6659200191497803
0.6671680212020874
0.674015998840332
0.6672639846801758
0.6653119921684265
0.6656320095062256
0.6642559766769409
0.665727972984314
0.6690880060195923
0.6642879843711853
0.6678720116615295
0.669376015663147
0.6671040058135986
0.6702079772949219
0.6647359728813171
0.6640639901161194
0.6647359728813171
0.6639999747276306

Average: 0.6762982404232025
