0.6119359731674194
0.5701760053634644
0.5839040279388428
0.606656014919281
0.559328019618988
0.5576639771461487
0.5576639771461487
0.5569919943809509
0.5581120252609253
0.5889599919319153
0.5801920294761658
0.5577279925346375
0.5578240156173706
0.5560640096664429
0.5566400289535522
0.5623040199279785
0.6231679916381836
0.5600640177726746
0.5593600273132324
0.5569279789924622
0.5575680136680603
0.5535359978675842
0.5549119710922241
0.6236799955368042
0.5551360249519348
0.5542719960212708
0.5549439787864685
0.5539839863777161
0.5561919808387756
0.5779200196266174
0.5660799741744995
0.5530880093574524
0.5549439787864685
0.5524799823760986
0.5538880228996277
0.5550400018692017
0.6014400124549866
0.5697280168533325
0.5555199980735779
0.554751992225647
0.5567359924316406
0.5559359788894653
0.5556480288505554
0.5949440002441406
0.5553280115127563
0.5535359978675842
0.5531520247459412
0.5547839999198914
0.5558080077171326
0.5564799904823303
0.6264320015907288
0.5546560287475586
0.5574719905853271
0.5561599731445312
0.5565440058708191
0.5531200170516968
0.5765119791030884
0.5725759863853455
0.5523840188980103
0.5523520112037659
0.5568640232086182
0.5553280115127563
0.5536640286445618
0.5639039874076843
0.5546240210533142
0.5520319938659668
0.5561919808387756
0.5554879903793335
0.5551999807357788
0.5537279844284058
0.5633919835090637
0.5545600056648254
0.554207980632782
0.5553280115127563
0.5538880228996277
0.5512959957122803
0.554751992225647
0.5623360276222229
0.5528640151023865
0.5522239804267883
0.5534399747848511
0.555296003818512
0.5552319884300232
0.5546240210533142
0.5634239912033081
0.5530880093574524
0.55731201171875
0.5572159886360168
0.558784008026123
0.5505279898643494
0.5536320209503174
0.5631679892539978
0.5546879768371582
0.5551040172576904
0.552191972732544
0.551967978477478
0.5564159750938416
0.5524479746818542
0.5598400235176086
0.5522879958152771

Average: 0.5615388804674148
