20.997760772705078
61.75539016723633
16.394880294799805
16.669151306152344
62.54275131225586
896.2877197265625
22.105567932128906
16.470304489135742
58.935935974121094
57.028350830078125
64.85948944091797
19.68716812133789
24.596704483032227
65.46975708007812
57.25990295410156
17.297088623046875
712.5336303710938
1244.8319091796875
19.12828826904297
24.818208694458008
21.838239669799805
18.296703338623047
66.25730895996094
2642.156005859375
16.505184173583984
451.1048583984375
18.95577621459961
1889.3587646484375
30.79520034790039
20.578784942626953
59.49113464355469
3516.143310546875
43.59507369995117
28.153568267822266
22.42905616760254
19.871519088745117
135.89450073242188
61.88060760498047
31.78611183166504
47.4666862487793
57.10236740112305
19.046207427978516
29.977632522583008
28.8209285736084
22.48396873474121
17.9769287109375
60.34560012817383
53.948001861572266
55.50735855102539
51.24019241333008
55.72390365600586
16.19696044921875
59.35561752319336
15.541472434997559
21.781631469726562
15.976896286010742
3177.437744140625
32.07344055175781
16.795551300048828
19.92803192138672
1948.437744140625
132.9083251953125
211.2360382080078
46.18540954589844
59.35673522949219
98.15184020996094
26.033824920654297
474.1239318847656
56.23155212402344
928.9575805664062
2477.64599609375
68.3054428100586
1670.3446044921875
54.617950439453125
18.219327926635742
57.44937515258789
48.56595230102539
235.58412170410156
55.83494567871094
2149.366455078125
18.380064010620117
322.2561950683594
4038.62841796875
22.075712203979492
20.29692840576172
17.27827262878418
16.216096878051758
25.888608932495117
29.64463996887207
56.07276916503906
15.162976264953613
21.477535247802734
27.62384033203125
58.64169692993164
54.46015930175781
16.002784729003906
265.45477294921875
58.03615951538086
23.945600509643555
17.79827117919922

Average: 323.9238744735718
