21.567968368530273
7.343967914581299
6.001632213592529
5.912255764007568
7.081759929656982
7.02780818939209
6.08351993560791
6.83568000793457
5.976928234100342
5.969888210296631
6.211872100830078
6.113759994506836
6.031263828277588
6.47603178024292
6.075520038604736
47.79324722290039
5.555071830749512
5.871232032775879
7.200064182281494
6.073056221008301
6.598911762237549
6.46124792098999
6.033664226531982
5.974048137664795
5.7572479248046875
5.74560022354126
7.21779203414917
273.56475830078125
6.326879978179932
6.225088119506836
1056.568115234375
8.148127555847168
8.492192268371582
8.088319778442383
6.708255767822266
6.551328182220459
380.8126525878906
6.822400093078613
6.167871952056885
6.666079998016357
6.750944137573242
6.286464214324951
6.2217278480529785
6.289087772369385
5.853216171264648
5.77459192276001
6.078976154327393
22.506271362304688
6.44924783706665
6.563007831573486
6.559552192687988
5.96233606338501
6.2593278884887695
6.53766393661499
6.050591945648193
6.545087814331055
7.081567764282227
7.205376148223877
646.806640625
5.755648136138916
5.966944217681885
5.561888217926025
6.268191814422607
6.159776210784912
6.023039817810059
5.72160005569458
17.96188735961914
8.008607864379883
6.30950403213501
5.932928085327148
5.8155198097229
6.185664176940918
6.101408004760742
6.825439929962158
8.333215713500977
7.7014079093933105
6.377408027648926
5.560416221618652
5.634079933166504
808.1721801757812
6.152768135070801
5.527103900909424
6.603263854980469
5.752927780151367
6.06220817565918
6.1457600593566895
5.430592060089111
6.217376232147217
16.60089683532715
631.8663940429688
5.698976039886475
5.774144172668457
6.111328125
6.412703990936279
6.052383899688721
7.3454718589782715
5.574975967407227
7.58022403717041
8.013631820678711
6.058623790740967

Average: 44.93273300170898
