0.2635839879512787
0.21967999637126923
0.21273599565029144
0.2101760059595108
0.20745599269866943
0.20588800311088562
0.2069759964942932
0.20499199628829956
0.20492799580097198
0.2048960030078888
0.2059839963912964
0.20508800446987152
0.2054080069065094
0.2046400010585785
0.20496000349521637
0.22787199914455414
0.24054400622844696
0.19734400510787964
0.19679999351501465
0.19740800559520721
0.1960960030555725
0.19676800072193146
0.1958719938993454
0.19484800100326538
0.19654400646686554
0.1969279944896698
0.19648000597953796
0.19670400023460388
0.1960960030555725
0.19660800695419312
0.19702400267124176
0.19753600656986237
0.19644799828529358
0.23340800404548645
0.22124800086021423
0.19699199497699738
0.19590400159358978
0.19545599818229675
0.195360004901886
0.19542400538921356
0.1960960030555725
0.19753600656986237
0.19776000082492828
0.19644799828529358
0.19679999351501465
0.19571200013160706
0.19519999623298645
0.19648000597953796
0.19603200256824493
0.195360004901886
0.2165759950876236
0.22467200458049774
0.19500799477100372
0.19519999623298645
0.1958400011062622
0.19622400403022766
0.1950400024652481
0.19603200256824493
0.19465599954128265
0.1960960030555725
0.196383997797966
0.1958400011062622
0.19603200256824493
0.1961279958486557
0.1945600062608719
0.196383997797966
0.19705599546432495
0.19753600656986237
0.2391040027141571
0.230335995554924
0.19679999351501465
0.19571200013160706
0.19625599682331085
0.1960960030555725
0.19724799692630768
0.19625599682331085
0.1952960044145584
0.19574399292469025
0.19651199877262115
0.19462400674819946
0.19446399807929993
0.195360004901886
0.19468800723552704
0.19564799964427948
0.195360004901886
0.19580799341201782
0.22217600047588348
0.20998400449752808
0.19596800208091736
0.19670400023460388
0.19472000002861023
0.1966720074415207
0.19670400023460388
0.19648000597953796
0.1955520063638687
0.19654400646686554
0.19420799612998962
0.19494399428367615
0.19519999623298645
0.19465599954128265

Average: 0.20135616064071654
