1.5631999969482422
1.4938559532165527
1.358847975730896
1.4064960479736328
1.4623680114746094
1.4278080463409424
1.599392056465149
1.407039999961853
1.4497599601745605
1.5365760326385498
1.4248000383377075
1.753600001335144
1.7589119672775269
1.677888035774231
1.5016640424728394
1.6961599588394165
1.605407953262329
1.817952036857605
1.4441920518875122
1.7234879732131958
1.6455039978027344
1.4633920192718506
1.6808960437774658
1.760256052017212
1.6578880548477173
1.4223359823226929
1.7675199508666992
1.6125760078430176
1.609279990196228
1.3520640134811401
1.4847359657287598
1.584831953048706
1.350111961364746
1.2242239713668823
1.374559998512268
1.357632040977478
1.2877440452575684
1.601855993270874
1.2868800163269043
1.677664041519165
1.4185600280761719
1.3462400436401367
1.390015959739685
1.2203840017318726
1.3079999685287476
1.3639039993286133
1.2256640195846558
1.3203519582748413
1.3573119640350342
1.2814719676971436
1.268447995185852
1.3995840549468994
1.3304959535598755
1.2671359777450562
1.5172480344772339
1.5439679622650146
1.788383960723877
1.5269759893417358
1.7117120027542114
2.038655996322632
1.4016640186309814
1.8332799673080444
1.687872052192688
1.825279951095581
1.9493119716644287
1.459328055381775
1.6236799955368042
1.6645439863204956
1.5573439598083496
1.5438400506973267
1.782047986984253
1.5682560205459595
1.3580800294876099
1.2359999418258667
1.4837759733200073
1.6361600160598755
1.3258880376815796
1.358944058418274
1.276479959487915
1.3545600175857544
1.1673920154571533
1.3706879615783691
1.2511359453201294
1.3668479919433594
1.2360960245132446
1.2345279455184937
1.1876800060272217
1.3330880403518677
1.308735966682434
1.197119951248169
1.3549439907073975
1.530784010887146
1.4284800291061401
1.401568055152893
1.3018879890441895
1.253119945526123
1.3447999954223633
1.3610880374908447
1.4197440147399902
1.511904001235962

Average: 1.4742384004592894
