1.9240379333496094
1.79290771484375
1.7466545104980469
2.2339820861816406
2.1545886993408203
1.7046928405761719
1.7566680908203125
1.6243457794189453
1.653432846069336
1.6450881958007812
1.5978813171386719
1.6524791717529297
1.667022705078125
1.6341209411621094
1.6064643859863281
1.6338825225830078
1.6312599182128906
2.1440982818603516
1.644134521484375
1.6317367553710938
1.6465187072753906
1.6012191772460938
1.6045570373535156
1.5838146209716797
1.5916824340820312
1.619100570678711
1.5933513641357422
1.6112327575683594
1.5573501586914062
1.5685558319091797
1.6028881072998047
1.8093585968017578
1.8448829650878906
2.0513534545898438
2.0186901092529297
2.089977264404297
1.9981861114501953
2.0394325256347656
1.8928050994873047
2.0875930786132812
1.7685890197753906
1080.1186561584473
1.65557861328125
1.6131401062011719
1.5892982482910156
1.6222000122070312
1.7535686492919922
1.5943050384521484
1.6045570373535156
1.5869140625
1.6262531280517578
1.615285873413086
1.577138900756836
1.5306472778320312
2.131223678588867
1.6787052154541016
1.5668869018554688
1.554727554321289
1.8601417541503906
1.861572265625
1.6193389892578125
378.70144844055176
1.6107559204101562
1.5897750854492188
1.5943050384521484
1.577615737915039
1.5993118286132812
1.5826225280761719
1.5804767608642578
1.596212387084961
1.56402587890625
1.7850399017333984
1.6124248504638672
1.6944408416748047
1.7323493957519531
1.5308856964111328
1.6231536865234375
1.6326904296875
2.516508102416992
1.7862319946289062
1.7778873443603516
1.8620491027832031
1.6739368438720703
2.0551681518554688
1.920461654663086
1.6901493072509766
1.7113685607910156
1.8999576568603516
2.3670196533203125
1.497030258178711
1.5902519226074219
1.5647411346435547
1.6295909881591797
1.5654563903808594
1.5995502471923828
1.5108585357666016
1.5518665313720703
1.5964508056640625
1.567840576171875
1.5447139739990234

Average: 16271.073818206787
