13.096927642822266
7.195199966430664
5.111072063446045
8.685343742370605
7.4161601066589355
7.211391925811768
7.727104187011719
8.639583587646484
10.895456314086914
9.715264320373535
12.688544273376465
5.647295951843262
4.801504135131836
8.95088005065918
6.13705587387085
6.526656150817871
9.841343879699707
7.204576015472412
7.61411190032959
6.746208190917969
5.036896228790283
7.148928165435791
8.534912109375
7.809919834136963
6.465888023376465
5.718944072723389
6.721920013427734
7.561728000640869
6.3788161277771
8.58841609954834
15.824928283691406
6.482783794403076
7.097760200500488
5.185023784637451
8.69644832611084
8.452735900878906
7.01632022857666
7.9890241622924805
6.221504211425781
15.274304389953613
4.505856037139893
6.427872180938721
8.091008186340332
5.385791778564453
5.154304027557373
9.851519584655762
8.830368041992188
7.169888019561768
4.9364800453186035
11.57532787322998
16.198144912719727
11.907456398010254
8.799455642700195
9.014880180358887
7.368991851806641
8.803168296813965
4.724671840667725
4.119840145111084
4.735040187835693
4.7500481605529785
4.901951789855957
5.297887802124023
4.808095932006836
4.8948798179626465
6.659840106964111
6.372288227081299
5.33241605758667
6.5478081703186035
6.417727947235107
4.740992069244385
7.510176181793213
10.96947193145752
5.517024040222168
4.028927803039551
3.9997119903564453
4.196159839630127
4.908895969390869
4.7696638107299805
7.109695911407471
9.090047836303711
5.564799785614014
5.631807804107666
4.7791361808776855
3.891007900238037
3.665087938308716
5.016223907470703
4.136767864227295
4.510015964508057
4.687808036804199
5.0273919105529785
4.2005438804626465
5.77839994430542
5.553952217102051
4.176224231719971
4.1287360191345215
4.84438419342041
4.362368106842041
4.5186238288879395
4.721888065338135
5.412064075469971

Average: 6.850898907184601
