0.8702719807624817
0.868511974811554
0.8611199855804443
0.8566399812698364
0.861407995223999
0.8623039722442627
0.8613119721412659
0.8574399948120117
0.8530240058898926
0.8618879914283752
0.863968014717102
0.8567360043525696
0.8575680255889893
0.8520960211753845
0.8543360233306885
0.8591039776802063
0.8618879914283752
0.8561599850654602
0.8554880023002625
0.8640959858894348
0.8558400273323059
0.8533120155334473
0.8509759902954102
0.8517760038375854
0.8529599905014038
0.8532800078392029
0.8558719754219055
0.8579840064048767
0.8744000196456909
0.8565760254859924
0.8588160276412964
0.8569599986076355
0.8577280044555664
0.855135977268219
0.8558400273323059
0.8553280234336853
0.8536959886550903
0.8584960103034973
0.8677759766578674
0.8553919792175293
0.8543679714202881
0.8532800078392029
0.8583999872207642
0.8556479811668396
0.8572480082511902
0.8540480136871338
0.8510079979896545
0.8563839793205261
0.8554559946060181
0.8554239869117737
0.857695996761322
0.8813760280609131
0.8574079871177673
0.855072021484375
0.8527039885520935
0.8555520176887512
0.8552960157394409
0.8520960211753845
0.8523839712142944
0.8653119802474976
0.8592000007629395
0.8521280288696289
0.8562560081481934
0.8532159924507141
0.8591039776802063
0.857375979423523
0.8552960157394409
0.8551999926567078
0.860319972038269
0.8635519742965698
0.8557119965553284
0.8566719889640808
0.8592320084571838
0.8555840253829956
0.8561279773712158
0.8548799753189087
0.8569920063018799
0.8563200235366821
0.8595839738845825
0.8550400137901306
0.855072021484375
0.8586879968643188
0.8583999872207642
0.855135977268219
0.8563200235366821
0.8572160005569458
0.85343998670578
0.855679988861084
0.8578240275382996
0.8557760119438171
0.8519999980926514
0.8569279909133911
0.856544017791748
0.8580800294876099
0.8546879887580872
0.8574079871177673
0.8719040155410767
0.8585600256919861
0.8542720079421997
0.8584319949150085

Average: 0.8574982392787933
