7.612576007843018
2.2047359943389893
2.8236799240112305
2.472287893295288
3.064768075942993
3.1124160289764404
3.016256093978882
2.7971839904785156
2.5413761138916016
2.1245760917663574
2.7926719188690186
2.0797441005706787
2.699552059173584
2.095583915710449
2.774751901626587
2.1441280841827393
2.6701760292053223
2.0833280086517334
2.7840640544891357
2.120448112487793
2.7421441078186035
2.4438400268554688
2.8276479244232178
2.1595520973205566
2.825216054916382
2.1084799766540527
2.744767904281616
2.147808074951172
2.7489919662475586
2.0796799659729004
2.69484806060791
2.1107840538024902
3.325984001159668
2.146399974822998
2.660543918609619
2.1950719356536865
3.065119981765747
2.3969600200653076
2.7230401039123535
2.056607961654663
2.915071964263916
2.216991901397705
2.7819840908050537
2.133791923522949
2.7537600994110107
2.181312084197998
2.7152318954467773
2.1561920642852783
2.7119998931884766
2.196928024291992
2.6723198890686035
2.164479970932007
2.6542720794677734
2.375135898590088
2.1601920127868652
2.6920320987701416
2.098560094833374
2.729311943054199
2.1031360626220703
2.6858561038970947
2.085344076156616
2.775424003601074
2.169343948364258
2.813663959503174
2.1081600189208984
2.7199039459228516
2.125375986099243
2.7349441051483154
2.087104082107544
2.748703956604004
2.1037120819091797
3.03222393989563
2.5003840923309326
2.575455904006958
2.453727960586548
2.2469120025634766
2.642240047454834
2.2397119998931885
2.841439962387085
2.104896068572998
2.7423360347747803
2.085536003112793
2.714495897293091
2.102911949157715
2.8131520748138428
2.1144959926605225
2.749119997024536
2.0888960361480713
2.7747840881347656
2.1064960956573486
2.6780478954315186
2.114016056060791
2.8020479679107666
2.0828158855438232
3.5300800800323486
2.6215999126434326
3.490880012512207
2.34553599357605
2.742784023284912
2.1381120681762695

Average: 2.552631688117981
