117.3289566040039
9.295616149902344
8.280384063720703
9.724960327148438
11.07481575012207
11.53052806854248
10.90931224822998
9.574975967407227
9.489119529724121
8.592512130737305
9.96729564666748
7.714816093444824
8.466015815734863
10.446080207824707
9.654463768005371
9.055935859680176
10.65932846069336
8.527487754821777
10.797344207763672
12.22374439239502
8.791744232177734
9.047871589660645
7.9376959800720215
9.200927734375
11.172575950622559
10.366368293762207
19.767520904541016
11.618911743164062
8.316160202026367
10.196640014648438
8.992735862731934
6.965536117553711
8.892928123474121
9.037728309631348
9.18723201751709
9.959263801574707
10.20019245147705
9.960288047790527
11.02393627166748
8.58892822265625
10.417695999145508
9.94979190826416
14.291680335998535
13.184864044189453
13.399519920349121
7.9389119148254395
15.260064125061035
12.6845121383667
9.388799667358398
9.259103775024414
10.499839782714844
12.309151649475098
9.134336471557617
7.972991943359375
9.125056266784668
8.734720230102539
10.488320350646973
11.109663963317871
9.64748764038086
8.950528144836426
9.59216022491455
8.798975944519043
8.75926399230957
13.34556770324707
33.98771286010742
9.327584266662598
12.697983741760254
15.986783981323242
9.024127960205078
8.389823913574219
9.410592079162598
10.524800300598145
10.10927963256836
9.284000396728516
9.553728103637695
10.771488189697266
10.683103561401367
8.92182445526123
14.967743873596191
23.273759841918945
32.76316833496094
18.408191680908203
27.145408630371094
12.985856056213379
16.8155517578125
12.926079750061035
9.88047981262207
18.87071990966797
11.81926441192627
10.138079643249512
8.854432106018066
11.209952354431152
10.366111755371094
10.209024429321289
9.423839569091797
10.885600090026855
9.817631721496582
13.658944129943848
10.485952377319336
10.702719688415527

Average: 12.41063232421875
