86.82201385498047
25.555295944213867
24.418655395507812
239.7816925048828
20.920608520507812
20.45894432067871
21.09916877746582
938.4451904296875
373.03741455078125
20.649503707885742
20.234176635742188
28.697216033935547
63.47635269165039
59.58687973022461
424.54547119140625
20.884191513061523
21.506528854370117
26.268064498901367
22.51465606689453
3488.672119140625
22.602975845336914
114.41756439208984
5726.9833984375
25.234848022460938
23.417728424072266
157.92005920410156
22.966432571411133
35.42457580566406
19.953760147094727
20.322463989257812
23.055679321289062
61.04185485839844
57.96915054321289
352.9263916015625
27.42812728881836
1329.0340576171875
112.6402587890625
92.79087829589844
22.932863235473633
24.069536209106445
23.148576736450195
21.683839797973633
2421.1162109375
21.012224197387695
21.40483283996582
22.19126319885254
21.86751937866211
22.82022476196289
21.782848358154297
23.665855407714844
24.445247650146484
24.08639907836914
22.59071922302246
21.500064849853516
307.21697998046875
20.9072322845459
61.752960205078125
948.7000122070312
21.715456008911133
153.0900115966797
25.780672073364258
1854.594482421875
22.56515121459961
25.689632415771484
64.39389038085938
20.76595115661621
63.81260681152344
21.370784759521484
19.857440948486328
1931.2860107421875
21.230880737304688
232.59283447265625
104.90633392333984
2453.79248046875
22.5152645111084
26.080095291137695
21.255615234375
20.126527786254883
21.254016876220703
21.54867172241211
63.017921447753906
25.76166343688965
78.13811492919922
23.125215530395508
2051.52294921875
22.820415496826172
23.376575469970703
23.993120193481445
1117.0213623046875
32.83295822143555
22.976512908935547
22.195232391357422
393.97430419921875
23.50796890258789
23.606464385986328
27.864320755004883
60.16432189941406
28.46726417541504
2819.8974609375
21.634559631347656

Average: 323.48723278045657
