13.08403205871582
9.942463874816895
7.987743854522705
214.37782287597656
9.195584297180176
15.315936088562012
11.888640403747559
9.592703819274902
10.005727767944336
9.92908763885498
9.448991775512695
8.713088035583496
142.4370574951172
10.774815559387207
15.371487617492676
10.94870376586914
8.393376350402832
8.472736358642578
9.166144371032715
8.872544288635254
8.816767692565918
8.646559715270996
8.160256385803223
11.206591606140137
10.928832054138184
268.10162353515625
8.844544410705566
8.74124813079834
9.85632038116455
13.37007999420166
8.468416213989258
8.631487846374512
8.724575996398926
15.093855857849121
11.157279968261719
9.259167671203613
9.21020793914795
12.909343719482422
13.687328338623047
9.616512298583984
1059.478515625
8.5
99.36627197265625
8.678144454956055
10.144319534301758
8.963295936584473
9.069984436035156
13.868576049804688
8.69001579284668
377.9510192871094
8.90931224822998
8.009696006774902
11.92841625213623
14.642144203186035
10.093279838562012
214.9562530517578
9.594176292419434
12.35257625579834
21.71824073791504
8.160127639770508
8.748607635498047
673.762451171875
10.151935577392578
8.014623641967773
214.3654022216797
10.449631690979004
12.931743621826172
9.836416244506836
7.945024013519287
8.452927589416504
1344.188720703125
9.078495979309082
8.24176025390625
9.451040267944336
8.036224365234375
8.745280265808105
7.8178558349609375
221.3695068359375
8.913472175598145
8.548288345336914
10.098784446716309
8.932479858398438
9.489312171936035
9.326335906982422
9.91004753112793
72.01449584960938
8.840831756591797
9.36473560333252
9.576416015625
10.549280166625977
9.42841625213623
7.955423831939697
8.822815895080566
8.5895357131958
816.195068359375
9.69654369354248
216.8415985107422
14.51039981842041
9.668031692504883
215.69287109375

Average: 70.0697688627243
