5.3552961349487305
4.795584201812744
5.1148481369018555
4.944608211517334
4.711935997009277
5.066624164581299
4.698080062866211
4.639840126037598
4.640895843505859
4.769279956817627
4.447519779205322
4.440512180328369
4.415071964263916
6.77507209777832
4.255231857299805
7.275199890136719
7.012608051300049
5.349887847900391
5.127999782562256
4.227071762084961
4.35587215423584
5.13756799697876
4.219903945922852
4.483168125152588
4.317791938781738
4.563072204589844
4.745696067810059
4.773119926452637
5.73638391494751
4.214144229888916
4.457536220550537
4.199552059173584
4.4916157722473145
4.324096202850342
4.32912015914917
4.5108160972595215
4.538368225097656
4.987872123718262
4.800352096557617
5.029248237609863
4.609471797943115
4.723968029022217
4.616735935211182
4.290719985961914
5.410592079162598
4.574944019317627
4.496960163116455
4.5575361251831055
4.332128047943115
4.165472030639648
4.673567771911621
4.340896129608154
4.541247844696045
4.805600166320801
5.072415828704834
5.803135871887207
4.97983980178833
4.5760321617126465
4.80076789855957
4.4318718910217285
4.531360149383545
4.324480056762695
4.351200103759766
4.524864196777344
5.4628801345825195
6.129439830780029
4.6090240478515625
4.633120059967041
4.4651198387146
4.887648105621338
4.1721601486206055
4.24560022354126
4.277440071105957
4.151264190673828
4.319456100463867
4.229248046875
4.107327938079834
4.51251220703125
5.101408004760742
4.460639953613281
4.3745598793029785
4.234623908996582
4.536928176879883
5.351679801940918
4.892127990722656
4.072864055633545
4.53110408782959
4.338912010192871
4.301248073577881
4.348832130432129
4.592095851898193
4.549600124359131
6.481855869293213
5.6145920753479
4.884607791900635
7.712031841278076
7.118368148803711
11.68073558807373
13.427743911743164
11.48425579071045

Average: 5.021073298454285
