2.8284480571746826
2.7667839527130127
2.8297600746154785
2.802079916000366
1.649888038635254
2.814016103744507
1.6473599672317505
1.6534080505371094
1.6509120464324951
1.652127981185913
1.646399974822998
1.6484800577163696
1.68668794631958
1.6458239555358887
1.6683199405670166
1.651136040687561
1.6753599643707275
1.6450560092926025
1.6455039978027344
1.6734399795532227
1.645151972770691
1.6420799493789673
1.644927978515625
1.668895959854126
1.6596479415893555
1.6408319473266602
1.6585279703140259
1.6496000289916992
1.6520960330963135
1.642367959022522
1.6435519456863403
1.6770880222320557
1.6465920209884644
1.661695957183838
1.6425280570983887
1.6763839721679688
1.6429120302200317
1.6453759670257568
1.6624959707260132
1.676095962524414
1.6563199758529663
1.6435840129852295
1.6714240312576294
1.6680320501327515
1.6458560228347778
1.655168056488037
1.6469440460205078
1.646016001701355
1.6471999883651733
1.6461440324783325
1.7025920152664185
1.6469440460205078
1.6626880168914795
1.6456960439682007
1.6617599725723267
1.6419199705123901
1.6466879844665527
1.6637120246887207
1.643839955329895
1.6450239419937134
1.6426559686660767
1.6673920154571533
1.6579519510269165
1.642143964767456
1.6543359756469727
1.636191964149475
1.611232042312622
1.5944639444351196
1.586400032043457
1.6037440299987793
1.5890560150146484
1.5899200439453125
1.5907200574874878
1.5903359651565552
1.609279990196228
1.586303949356079
1.594688057899475
1.587007999420166
1.5864640474319458
1.620352029800415
1.5901119709014893
1.587615966796875
1.585312008857727
1.6177279949188232
1.6187520027160645
1.58787202835083
1.5925120115280151
1.5901119709014893
1.597983956336975
1.606592059135437
1.5869120359420776
1.5930880308151245
1.5894399881362915
1.600640058517456
1.5856959819793701
1.5834239721298218
1.5994559526443481
1.5870720148086548
1.609536051750183
1.5856640338897705

Average: 1.6918355202674866
